chr1 1 2001 -0.129195
chr1 2001 4001 0.094370
chr1 4001 6001 0.074924
chr1 6001 8001 0.008980
chr1 8001 10001 -0.012461
chr1 10001 12001 0.023460
chr1 12001 14001 -0.040602
chr1 14001 16001 -0.046420
chr1 16001 18001 0.059443
chr1 18001 20001 0.056659
chr1 20001 22001 0.080030
chr1 22001 24001 0.070015
chr1 24001 26001 -0.004367
chr1 26001 28001 0.013589
chr1 28001 30001 0.022187
chr1 30001 32001 0.006803
chr1 32001 34001 0.003734
chr1 34001 36001 0.079443
chr1 36001 38001 0.107277
chr1 38001 40001 -0.004478
chr1 40001 42001 0.037472
chr1 42001 44001 -0.005944
chr1 44001 46001 0.042813
chr1 46001 48001 -0.032117
chr1 48001 50001 -0.022428
chr1 50001 52001 0.055039
chr1 52001 54001 0.027069
chr1 54001 56001 0.065200
chr1 56001 58001 0.015385
chr1 58001 60001 0.011619
chr1 60001 62001 0.023432
chr1 62001 64001 0.009946
chr1 64001 66001 -0.006813
chr1 66001 68001 -0.016794
chr1 68001 70001 0.038820
chr1 70001 72001 0.049881
chr1 72001 74001 0.078806
chr1 74001 76001 0.033408
chr1 76001 78001 0.037037
chr1 78001 80001 0.018533
chr1 80001 82001 -0.072238
chr1 82001 84001 -0.065201
chr1 84001 86001 -0.123474
chr1 86001 88001 0.002285
chr1 88001 90001 -0.007610
chr1 90001 92001 -0.003867
chr1 92001 94001 0.033210
chr1 94001 96001 0.030722
chr1 96001 98001 -0.007217
chr1 98001 100001 -0.028099
chr1 100001 102001 -0.025365
chr1 102001 104001 -0.038880
chr1 104001 106001 -0.109899
chr1 106001 108001 0.007776
chr1 108001 110001 -0.068838
chr1 110001 112001 -0.038828
chr1 112001 114001 -0.054572
chr1 114001 116001 -0.037994
chr1 116001 118001 -0.021053
chr1 118001 120001 -0.050147
chr1 120001 122001 -0.000746
chr1 122001 124001 -0.039823
chr1 124001 126001 -0.012232
chr1 126001 128001 -0.025373
chr1 128001 130001 -0.037606
chr1 130001 132001 -0.030255
chr1 132001 134001 0.027116
chr1 134001 136001 -0.019481
chr1 136001 138001 -0.116423
chr1 138001 140001 0.020048
chr1 140001 142001 -0.017598
chr1 142001 144001 -0.006823
chr1 144001 146001 -0.039548
chr1 146001 148001 0.017228
chr1 148001 150001 -0.019345
chr1 150001 152001 -0.028309
chr1 152001 154001 -0.041667
chr1 154001 156001 -0.039062
chr1 156001 158001 -0.006211
chr1 158001 160001 -0.037398
chr1 160001 162001 -0.030769
chr1 162001 164001 -0.053208
chr1 164001 166001 0.020408
chr1 166001 168001 0.054076
chr1 168001 170001 -0.060653
chr1 170001 172001 -0.089978
chr1 172001 174001 -0.028875
chr1 174001 176001 0.032520
chr1 176001 178001 0.029576
chr1 178001 180001 -0.014695
chr1 180001 182001 -0.045455
chr1 182001 184001 -0.045625
chr1 184001 186001 -0.042506
chr1 186001 188001 0.034483
chr1 188001 190001 -0.045004
chr1 190001 192001 -0.013027
chr1 192001 194001 -0.143691
chr1 194001 196001 -0.019374
chr1 196001 198001 -0.071161
chr1 198001 200001 -0.035294
chr1 200001 202001 -0.004525
chr1 202001 204001 -0.047177
chr1 204001 206001 0.016923
chr1 206001 208001 -0.054518
chr1 208001 210001 -0.042471
chr1 210001 212001 -0.036753
chr1 212001 214001 -0.001522
chr1 214001 216001 0.011619
chr1 216001 218001 0.214474
chr1 218001 220001 0.135593
chr1 220001 222001 -0.027877
chr1 222001 224001 -0.020649
chr1 224001 226001 -0.038793
chr1 226001 228001 -0.205326
chr1 228001 230001 -0.045827
chr1 230001 232001 0.000000
chr1 232001 234001 0.021605
chr1 234001 236001 -0.046887
chr1 236001 238001 0.017628
chr1 238001 240001 -0.012386
chr1 240001 242001 -0.052803
chr1 242001 244001 0.000000
chr1 244001 246001 -0.036649
chr1 246001 248001 -0.041348
chr1 248001 250001 0.085297
chr1 250001 252001 -0.105263
chr1 252001 254001 -0.100408
chr1 254001 256001 -0.042683
chr1 256001 258001 -0.020377
chr1 258001 260001 -0.033463
chr1 260001 262001 -0.022026
chr1 262001 264001 0.009494
chr1 264001 266001 -0.040131
chr1 266001 268001 0.051988
chr1 268001 270001 0.076417
chr1 270001 272001 -0.009434
chr1 272001 274001 -0.058260
chr1 274001 276001 -0.020914
chr1 276001 278001 -0.065015
chr1 278001 280001 -0.112409
chr1 280001 282001 -0.071905
chr1 282001 284001 0.008982
chr1 284001 286001 -0.000767
chr1 286001 288001 -0.061767
chr1 288001 290001 -0.003044
chr1 290001 292001 -0.064748
chr1 292001 294001 -0.067365
chr1 294001 296001 -0.045872
chr1 296001 298001 -0.017679
chr1 298001 300001 -0.074673
chr1 300001 302001 -0.033102
chr1 302001 304001 -0.020285
chr1 304001 306001 -0.041635
chr1 306001 308001 -0.019608
chr1 308001 310001 -0.105344
chr1 310001 312001 -0.026657
chr1 312001 314001 -0.061597
chr1 314001 316001 -0.022463
chr1 316001 318001 -0.009390
chr1 318001 320001 0.047087
chr1 320001 322001 0.042587
chr1 322001 324001 -0.014786
chr1 324001 326001 -0.035385
chr1 326001 328001 -0.002353
chr1 328001 330001 -0.062254
chr1 330001 332001 -0.051282
chr1 332001 334001 -0.007692
chr1 334001 336001 -0.039098
chr1 336001 338001 -0.057994
chr1 338001 340001 -0.059690
chr1 340001 342001 0.030596
chr1 342001 344001 -0.041475
chr1 344001 346001 -0.070270
chr1 346001 348001 -0.015221
chr1 348001 350001 -0.072197
chr1 350001 352001 -0.063091
chr1 352001 354001 -0.024352
chr1 354001 356001 -0.023865
chr1 356001 358001 0.003843
chr1 358001 360001 -0.005961
chr1 360001 362001 -0.021440
chr1 362001 364001 -0.061691
chr1 364001 366001 -0.035533
chr1 366001 368001 -0.067647
chr1 368001 370001 -0.013825
chr1 370001 372001 -0.081122
chr1 372001 374001 -0.027633
chr1 374001 376001 -0.026549
chr1 376001 378001 0.021244
chr1 378001 380001 -0.005259
chr1 380001 382001 -0.003273
chr1 382001 384001 -0.118804
chr1 384001 386001 0.006886
chr1 386001 388001 -0.066869
chr1 388001 390001 0.002274
chr1 390001 392001 -0.034901
chr1 392001 394001 -0.031627
chr1 394001 396001 0.001577
chr1 396001 398001 0.041139
chr1 398001 400001 -0.083210
chr1 400001 402001 -0.002144
chr1 402001 404001 0.239071
chr1 404001 406001 0.019275
chr1 406001 408001 -0.058372
chr1 408001 410001 0.022590
chr1 410001 412001 0.001570
chr1 412001 414001 -0.034263
chr1 414001 416001 0.093252
chr1 416001 418001 -0.002244
chr1 418001 420001 0.053354
chr1 420001 422001 0.022677
chr1 422001 424001 0.018727
chr1 424001 426001 0.049708
chr1 426001 428001 0.013524
chr1 428001 430001 0.013616
chr1 430001 432001 0.011710
chr1 432001 434001 0.045181
chr1 434001 436001 -0.011219
chr1 436001 438001 -0.048175
chr1 438001 440001 -0.044669
chr1 440001 442001 -0.024463
chr1 442001 444001 0.014859
chr1 444001 446001 0.055556
chr1 446001 448001 0.056923
chr1 448001 450001 0.061132
chr1 450001 452001 0.066154
chr1 452001 454001 -0.002357
chr1 454001 456001 0.073429
chr1 456001 458001 0.024206
chr1 458001 460001 0.040519
chr1 460001 462001 0.055385
chr1 462001 464001 0.000000
chr1 464001 466001 -0.051672
chr1 466001 468001 -0.026779
chr1 468001 470001 -0.022394
chr1 470001 472001 -0.030568
chr1 472001 474001 0.026223
chr1 474001 476001 0.007364
chr1 476001 478001 0.041159
chr1 478001 480001 0.075862
chr1 480001 482001 -0.018783
chr1 482001 484001 0.000767
chr1 484001 486001 -0.039936
chr1 486001 488001 -0.003155
chr1 488001 490001 0.004491
chr1 490001 492001 0.060372
chr1 492001 494001 0.071642
chr1 494001 496001 0.124723
chr1 496001 498001 0.033557
chr1 498001 500001 0.056898
chr1 500001 502001 -0.044408
chr1 502001 504001 0.064234
chr1 504001 506001 0.069767
chr1 506001 508001 0.064915
chr1 508001 510001 0.099849
chr1 510001 512001 -0.028529
chr1 512001 514001 -0.016393
chr1 514001 516001 -0.031201
chr1 516001 518001 0.035019
chr1 518001 520001 0.026562
chr1 520001 522001 0.007564
chr1 522001 524001 -0.030844
chr1 524001 526001 -0.085346
chr1 526001 528001 -0.008277
chr1 528001 530001 -0.091926
chr1 530001 532001 0.043478
chr1 532001 534001 0.038397
chr1 534001 536001 -0.017799
chr1 536001 538001 -0.098361
chr1 538001 540001 -0.032721
chr1 540001 542001 -0.047913
chr1 542001 544001 0.034931
chr1 544001 546001 -0.011691
chr1 546001 548001 -0.073246
chr1 548001 550001 -0.071264
chr1 550001 552001 0.025797
chr1 552001 554001 0.002264
chr1 554001 556001 -0.041758
chr1 556001 558001 -0.000723
chr1 558001 560001 0.040498
chr1 560001 562001 -0.034599
chr1 562001 564001 -0.031781
chr1 564001 566001 0.035008
chr1 566001 568001 0.041096
chr1 568001 570001 0.005650
chr1 570001 572001 0.035633
chr1 572001 574001 0.023006
chr1 574001 576001 -0.119178
chr1 576001 578001 0.030155
chr1 578001 580001 0.190789
chr1 580001 582001 0.088889
chr1 582001 584001 0.004286
chr1 584001 586001 0.038057
chr1 586001 588001 -0.069388
chr1 588001 590001 0.005212
chr1 590001 592001 0.054878
chr1 592001 594001 0.207962
chr1 594001 596001 0.007849
chr1 596001 598001 0.076696
chr1 598001 600001 0.057353
chr1 600001 602001 0.082651
chr1 602001 604001 0.035222
chr1 604001 606001 0.071429
chr1 606001 608001 -0.011802
chr1 608001 610001 0.019275
chr1 610001 612001 0.057592
chr1 612001 614001 0.111111
chr1 614001 616001 0.114238
chr1 616001 618001 0.126848
chr1 618001 620001 0.067181
chr1 620001 622001 0.031001
chr1 622001 624001 0.036913
chr1 624001 626001 0.040573
chr1 626001 628001 0.059282
chr1 628001 630001 0.040978
chr1 630001 632001 0.064633
chr1 632001 634001 0.060472
chr1 634001 636001 0.050206
chr1 636001 638001 0.048917
chr1 638001 640001 0.008723
chr1 640001 642001 -0.041298
chr1 642001 644001 0.115899
chr1 644001 646001 0.031131
chr1 646001 648001 0.035971
chr1 648001 650001 0.015407
chr1 650001 652001 0.002963
chr1 652001 654001 0.002237
chr1 654001 656001 -0.040411
chr1 656001 658001 0.078928
chr1 658001 660001 0.035796
chr1 660001 662001 -0.002817
chr1 662001 664001 -0.036023
chr1 664001 666001 0.016224
chr1 666001 668001 0.012830
chr1 668001 670001 0.016924
chr1 670001 672001 -0.027757
chr1 672001 674001 0.011236
chr1 674001 676001 -0.008683
chr1 676001 678001 -0.014368
chr1 678001 680001 0.013778
chr1 680001 682001 -0.026046
chr1 682001 684001 0.021053
chr1 684001 686001 -0.005158
chr1 686001 688001 0.049699
chr1 688001 690001 0.008655
chr1 690001 692001 0.008682
chr1 692001 694001 0.010070
chr1 694001 696001 -0.015873
chr1 696001 698001 -0.006752
chr1 698001 700001 0.014815
chr1 700001 702001 0.030258
chr1 702001 704001 0.003791
chr1 704001 706001 0.032106
chr1 706001 708001 0.057891
chr1 708001 710001 0.101357
chr1 710001 712001 0.000784
chr1 712001 714001 0.045524
chr1 714001 716001 -0.038344
chr1 716001 718001 0.002324
chr1 718001 720001 0.013879
chr1 720001 722001 -0.061392
chr1 722001 724001 -0.192755
chr1 724001 726001 0.011270
chr1 726001 728001 -0.001473
chr1 728001 730001 0.011321
chr1 730001 732001 0.022359
chr1 732001 734001 0.050152
chr1 734001 736001 -0.031466
chr1 736001 738001 0.009132
chr1 738001 740001 0.000000
chr1 740001 742001 0.031792
chr1 742001 744001 -0.027616
chr1 744001 746001 0.000736
chr1 746001 748001 -0.009538
chr1 748001 750001 0.036930
chr1 750001 752001 0.055261
chr1 752001 754001 -0.024012
chr1 754001 756001 0.093178
chr1 756001 758001 0.056604
chr1 758001 760001 -0.040427
chr1 760001 762001 0.012889
chr1 762001 764001 0.009756
chr1 764001 766001 0.037795
chr1 766001 768001 0.007716
chr1 768001 770001 -0.011628
chr1 770001 772001 0.021986
chr1 772001 774001 0.040960
chr1 774001 776001 0.074380
chr1 776001 778001 0.262640
chr1 778001 780001 0.038145
chr1 780001 782001 -0.001513
chr1 782001 784001 0.030830
chr1 784001 786001 0.006154
chr1 786001 788001 0.050040
chr1 788001 790001 0.026902
chr1 790001 792001 0.049205
chr1 792001 794001 0.065672
chr1 794001 796001 0.015337
chr1 796001 798001 0.018237
chr1 798001 800001 0.040299
chr1 800001 802001 0.066066
chr1 802001 804001 0.038523
chr1 804001 806001 0.088489
chr1 806001 808001 0.042406
chr1 808001 810001 0.006349
chr1 810001 812001 0.033333
chr1 812001 814001 0.034965
chr1 814001 816001 0.097451
chr1 816001 818001 0.024730
chr1 818001 820001 0.063927
chr1 820001 822001 0.076462
chr1 822001 824001 0.052474
chr1 824001 826001 0.134005
chr1 826001 828001 -0.032207
chr1 828001 830001 -0.026446
chr1 830001 832001 0.032154
chr1 832001 834001 0.035313
chr1 834001 836001 0.041699
chr1 836001 838001 0.054628
chr1 838001 840001 -0.008494
chr1 840001 842001 0.007634
chr1 842001 844001 0.009479
chr1 844001 846001 0.013616
chr1 846001 848001 -0.025316
chr1 848001 850001 0.033386
chr1 850001 852001 0.026588
chr1 852001 854001 0.053492
chr1 854001 856001 0.049205
chr1 856001 858001 0.037481
chr1 858001 860001 0.044843
chr1 860001 862001 0.044328
chr1 862001 864001 0.032444
chr1 864001 866001 0.067933
chr1 866001 868001 0.000000
chr1 868001 870001 0.025078
chr1 870001 872001 0.058824
chr1 872001 874001 -0.023529
chr1 874001 876001 0.023186
chr1 876001 878001 0.012987
chr1 878001 880001 0.044358
chr1 880001 882001 0.054437
chr1 882001 884001 -0.026480
chr1 884001 886001 -0.012158
chr1 886001 888001 0.065943
chr1 888001 890001 0.079971
chr1 890001 892001 0.039548
chr1 892001 894001 0.067976
chr1 894001 896001 0.072340
chr1 896001 898001 0.023454
chr1 898001 900001 0.018396
chr1 900001 902001 0.017725
chr1 902001 904001 0.050946
chr1 904001 906001 0.010606
chr1 906001 908001 0.031410
chr1 908001 910001 0.021152
chr1 910001 912001 0.015498
chr1 912001 914001 0.046296
chr1 914001 916001 -0.018714
chr1 916001 918001 0.043728
chr1 918001 920001 0.011799
chr1 920001 922001 0.065123
chr1 922001 924001 0.046263
chr1 924001 926001 0.072659
chr1 926001 928001 0.077640
chr1 928001 930001 -0.044358
chr1 930001 932001 0.018068
chr1 932001 934001 0.023438
chr1 934001 936001 -0.017241
chr1 936001 938001 -0.020542
chr1 938001 940001 -0.002954
chr1 940001 942001 0.034432
chr1 942001 944001 0.070938
chr1 944001 946001 0.028884
chr1 946001 948001 0.024793
chr1 948001 950001 0.036982
chr1 950001 952001 -0.032985
chr1 952001 954001 0.024390
chr1 954001 956001 0.056716
chr1 956001 958001 0.069307
chr1 958001 960001 0.112209
chr1 960001 962001 0.038666
chr1 962001 964001 0.051282
chr1 964001 966001 0.011713
chr1 966001 968001 0.070203
chr1 968001 970001 0.050490
chr1 970001 972001 0.057543
chr1 972001 974001 -0.032787
chr1 974001 976001 -0.012442
chr1 976001 978001 0.070024
chr1 978001 980001 -0.006742
chr1 980001 982001 0.000779
chr1 982001 984001 0.018750
chr1 984001 986001 0.019857
chr1 986001 988001 0.028107
chr1 988001 990001 0.017595
chr1 990001 992001 0.114492
chr1 992001 994001 0.037093
chr1 994001 996001 0.077280
chr1 996001 998001 -0.002360
chr1 998001 1000001 0.003785
chr1 1000001 1002001 0.005857
chr1 1002001 1004001 0.052937
chr1 1004001 1006001 0.028744
chr1 1006001 1008001 0.076246
chr1 1008001 1010001 0.084112
chr1 1010001 1012001 0.002410
chr1 1012001 1014001 -0.005733
chr1 1014001 1016001 -0.014331
chr1 1016001 1018001 0.034258
chr1 1018001 1020001 -0.054459
chr1 1020001 1022001 0.037037
chr1 1022001 1024001 0.088328
chr1 1024001 1026001 0.397573
chr1 1026001 1028001 0.132931
chr1 1028001 1030001 0.111460
chr1 1030001 1032001 0.111274
chr1 1032001 1034001 0.067520
chr1 1034001 1036001 -0.014740
chr1 1036001 1038001 0.013473
chr1 1038001 1040001 0.009023
chr1 1040001 1042001 0.071537
chr1 1042001 1044001 0.064163
chr1 1044001 1046001 0.065760
chr1 1046001 1048001 0.020785
chr1 1048001 1050001 0.015139
chr1 1050001 1052001 0.070074
chr1 1052001 1054001 -0.040590
chr1 1054001 1056001 0.129242
chr1 1056001 1058001 0.090641
chr1 1058001 1060001 0.060150
chr1 1060001 1062001 0.014147
chr1 1062001 1064001 0.008429
chr1 1064001 1066001 -0.065481
chr1 1066001 1068001 0.113827
chr1 1068001 1070001 0.059774
chr1 1070001 1072001 0.077961
chr1 1072001 1074001 0.031627
chr1 1074001 1076001 0.040366
chr1 1076001 1078001 0.132016
chr1 1078001 1080001 -0.015723
chr1 1080001 1082001 0.026738
chr1 1082001 1084001 0.065034
chr1 1084001 1086001 0.065502
chr1 1086001 1088001 0.036810
chr1 1088001 1090001 0.017771
chr1 1090001 1092001 0.050489
chr1 1092001 1094001 0.080658
chr1 1094001 1096001 0.048889
chr1 1096001 1098001 0.035633
chr1 1098001 1100001 0.058647
chr1 1100001 1102001 0.021091
chr1 1102001 1104001 0.005275
chr1 1104001 1106001 0.025868
chr1 1106001 1108001 0.028963
chr1 1108001 1110001 -0.009723
chr1 1110001 1112001 0.038462
chr1 1112001 1114001 0.009594
chr1 1114001 1116001 -0.012528
chr1 1116001 1118001 0.007825
chr1 1118001 1120001 0.064748
chr1 1120001 1122001 -0.028249
chr1 1122001 1124001 -0.030830
chr1 1124001 1126001 -0.073244
chr1 1126001 1128001 -0.034589
chr1 1128001 1130001 0.004478
chr1 1130001 1132001 -0.007519
chr1 1132001 1134001 -0.012987
chr1 1134001 1136001 0.062310
chr1 1136001 1138001 0.034536
chr1 1138001 1140001 0.036056
chr1 1140001 1142001 0.090774
chr1 1142001 1144001 -0.114474
chr1 1144001 1146001 -0.114305
chr1 1146001 1148001 -0.004587
chr1 1148001 1150001 0.031781
chr1 1150001 1152001 0.030445
chr1 1152001 1154001 -0.018182
chr1 1154001 1156001 0.011338
chr1 1156001 1158001 -0.002201
chr1 1158001 1160001 0.005822
chr1 1160001 1162001 0.012889
chr1 1162001 1164001 0.049491
chr1 1164001 1166001 -0.010463
chr1 1166001 1168001 -0.015625
chr1 1168001 1170001 0.076596
chr1 1170001 1172001 0.055094
chr1 1172001 1174001 0.000772
chr1 1174001 1176001 0.010622
chr1 1176001 1178001 0.117647
chr1 1178001 1180001 -0.047407
chr1 1180001 1182001 0.005739
chr1 1182001 1184001 0.100987
chr1 1184001 1186001 0.019926
chr1 1186001 1188001 0.019516
chr1 1188001 1190001 0.011958
chr1 1190001 1192001 -0.006279
chr1 1192001 1194001 0.010196
chr1 1194001 1196001 -0.015873
chr1 1196001 1198001 -0.001621
chr1 1198001 1200001 0.017706
chr1 1200001 1202001 -0.028107
chr1 1202001 1204001 0.022760
chr1 1204001 1206001 0.014749
chr1 1206001 1208001 -0.011577
chr1 1208001 1210001 -0.106825
chr1 1210001 1212001 -0.015921
chr1 1212001 1214001 0.035686
chr1 1214001 1216001 0.145367
chr1 1216001 1218001 -0.013878
chr1 1218001 1220001 -0.011530
chr1 1220001 1222001 0.039201
chr1 1222001 1224001 0.198341
chr1 1224001 1226001 -0.015460
chr1 1226001 1228001 -0.007576
chr1 1228001 1230001 0.043478
chr1 1230001 1232001 -0.016166
chr1 1232001 1234001 0.042506
chr1 1234001 1236001 0.062736
chr1 1236001 1238001 0.209455
chr1 1238001 1240001 0.012365
chr1 1240001 1242001 -0.020104
chr1 1242001 1244001 0.025678
chr1 1244001 1246001 0.007331
chr1 1246001 1248001 0.042761
chr1 1248001 1250001 0.041543
chr1 1250001 1252001 0.014925
chr1 1252001 1254001 0.030441
chr1 1254001 1256001 0.006231
chr1 1256001 1258001 0.052467
chr1 1258001 1260001 0.000757
chr1 1260001 1262001 0.081772
chr1 1262001 1264001 -0.044615
chr1 1264001 1266001 0.021723
chr1 1266001 1268001 0.045669
chr1 1268001 1270001 0.017910
chr1 1270001 1272001 0.018663
chr1 1272001 1274001 0.004498
chr1 1274001 1276001 -0.013975
chr1 1276001 1278001 0.011940
chr1 1278001 1280001 -0.024806
chr1 1280001 1282001 0.029719
chr1 1282001 1284001 0.015754
chr1 1284001 1286001 0.048817
chr1 1286001 1288001 0.017323
chr1 1288001 1290001 0.085671
chr1 1290001 1292001 0.014147
chr1 1292001 1294001 0.059655
chr1 1294001 1296001 -0.026495
chr1 1296001 1298001 -0.017804
chr1 1298001 1300001 -0.007610
chr1 1300001 1302001 0.068351
chr1 1302001 1304001 0.032209
chr1 1304001 1306001 0.054152
chr1 1306001 1308001 -0.020864
chr1 1308001 1310001 0.082278
chr1 1310001 1312001 0.011236
chr1 1312001 1314001 0.024125
chr1 1314001 1316001 0.021944
chr1 1316001 1318001 -0.031131
chr1 1318001 1320001 0.031519
chr1 1320001 1322001 0.037934
chr1 1322001 1324001 0.053302
chr1 1324001 1326001 0.027907
chr1 1326001 1328001 0.020785
chr1 1328001 1330001 0.012862
chr1 1330001 1332001 0.000000
chr1 1332001 1334001 0.023034
chr1 1334001 1336001 0.063331
chr1 1336001 1338001 -0.047096
chr1 1338001 1340001 0.089195
chr1 1340001 1342001 0.088213
chr1 1342001 1344001 0.082638
chr1 1344001 1346001 0.066667
chr1 1346001 1348001 0.059644
chr1 1348001 1350001 0.039820
chr1 1350001 1352001 0.045350
chr1 1352001 1354001 0.010511
chr1 1354001 1356001 0.047761
chr1 1356001 1358001 0.018813
chr1 1358001 1360001 0.009608
chr1 1360001 1362001 0.073634
chr1 1362001 1364001 0.018062
chr1 1364001 1366001 -0.022913
chr1 1366001 1368001 0.010148
chr1 1368001 1370001 0.001546
chr1 1370001 1372001 0.021875
chr1 1372001 1374001 0.051420
chr1 1374001 1376001 0.041831
chr1 1376001 1378001 -0.007924
chr1 1378001 1380001 -0.005542
chr1 1380001 1382001 0.044566
chr1 1382001 1384001 -0.063676
chr1 1384001 1386001 -0.010671
chr1 1386001 1388001 0.091304
chr1 1388001 1390001 -0.007508
chr1 1390001 1392001 0.012987
chr1 1392001 1394001 0.073016
chr1 1394001 1396001 0.025984
chr1 1396001 1398001 -0.009132
chr1 1398001 1400001 0.000738
chr1 1400001 1402001 -0.013107
chr1 1402001 1404001 0.007728
chr1 1404001 1406001 0.022523
chr1 1406001 1408001 0.058193
chr1 1408001 1410001 0.026604
chr1 1410001 1412001 0.069733
chr1 1412001 1414001 0.058824
chr1 1414001 1416001 0.090387
chr1 1416001 1418001 0.017595
chr1 1418001 1420001 0.024805
chr1 1420001 1422001 0.054240
chr1 1422001 1424001 0.169186
chr1 1424001 1426001 0.011412
chr1 1426001 1428001 0.005731
chr1 1428001 1430001 -0.015267
chr1 1430001 1432001 0.014275
chr1 1432001 1434001 -0.056872
chr1 1434001 1436001 -0.023755
chr1 1436001 1438001 -0.008494
chr1 1438001 1440001 0.043541
chr1 1440001 1442001 0.043155
chr1 1442001 1444001 -0.217110
chr1 1444001 1446001 0.088489
chr1 1446001 1448001 0.022422
chr1 1448001 1450001 0.016899
chr1 1450001 1452001 0.010264
chr1 1452001 1454001 0.041411
chr1 1454001 1456001 0.001548
chr1 1456001 1458001 -0.020570
chr1 1458001 1460001 -0.012618
chr1 1460001 1462001 0.164854
chr1 1462001 1464001 -0.024155
chr1 1464001 1466001 0.222045
chr1 1466001 1468001 -0.071851
chr1 1468001 1470001 0.090016
chr1 1470001 1472001 0.059574
chr1 1472001 1474001 -0.053104
chr1 1474001 1476001 -0.015361
chr1 1476001 1478001 -0.039514
chr1 1478001 1480001 -0.021077
chr1 1480001 1482001 0.044299
chr1 1482001 1484001 0.065739
chr1 1484001 1486001 0.026034
chr1 1486001 1488001 -0.002331
chr1 1488001 1490001 -0.005731
chr1 1490001 1492001 -0.005839
chr1 1492001 1494001 -0.156888
chr1 1494001 1496001 0.048739
chr1 1496001 1498001 0.015942
chr1 1498001 1500001 0.032799
chr1 1500001 1502001 0.058997
chr1 1502001 1504001 -0.018615
chr1 1504001 1506001 0.035398
chr1 1506001 1508001 -0.034635
chr1 1508001 1510001 0.026535
chr1 1510001 1512001 0.003049
chr1 1512001 1514001 0.042985
chr1 1514001 1516001 -0.083827
chr1 1516001 1518001 0.025765
chr1 1518001 1520001 0.018153
chr1 1520001 1522001 0.052550
chr1 1522001 1524001 0.056458
chr1 1524001 1526001 0.136472
chr1 1526001 1528001 -0.053165
chr1 1528001 1530001 -0.000764
chr1 1530001 1532001 0.081438
chr1 1532001 1534001 0.080960
chr1 1534001 1536001 0.017075
chr1 1536001 1538001 -0.021854
chr1 1538001 1540001 0.041359
chr1 1540001 1542001 0.048855
chr1 1542001 1544001 -0.046358
chr1 1544001 1546001 -0.002857
chr1 1546001 1548001 -0.083688
chr1 1548001 1550001 0.090361
chr1 1550001 1552001 -0.020588
chr1 1552001 1554001 0.044427
chr1 1554001 1556001 0.005431
chr1 1556001 1558001 0.010054
chr1 1558001 1560001 0.018450
chr1 1560001 1562001 0.043084
chr1 1562001 1564001 0.010556
chr1 1564001 1566001 -0.078591
chr1 1566001 1568001 0.080029
chr1 1568001 1570001 0.112238
chr1 1570001 1572001 0.216885
chr1 1572001 1574001 -0.008751
chr1 1574001 1576001 0.079027
chr1 1576001 1578001 0.058824
chr1 1578001 1580001 0.049355
chr1 1580001 1582001 0.010448
chr1 1582001 1584001 0.056317
chr1 1584001 1586001 0.036437
chr1 1586001 1588001 -0.004886
chr1 1588001 1590001 -0.004717
chr1 1590001 1592001 0.029576
chr1 1592001 1594001 0.050521
chr1 1594001 1596001 0.096478
chr1 1596001 1598001 -0.012800
chr1 1598001 1600001 0.067425
chr1 1600001 1602001 0.007634
chr1 1602001 1604001 0.058026
chr1 1604001 1606001 0.012140
chr1 1606001 1608001 0.047768
chr1 1608001 1610001 -0.000776
chr1 1610001 1612001 0.048338
chr1 1612001 1614001 0.000000
chr1 1614001 1616001 0.023256
chr1 1616001 1618001 0.055853
chr1 1618001 1620001 0.003200
chr1 1620001 1622001 0.074102
chr1 1622001 1624001 0.029499
chr1 1624001 1626001 -0.023555
chr1 1626001 1628001 -0.013678
chr1 1628001 1630001 0.046771
chr1 1630001 1632001 -0.016342
chr1 1632001 1634001 0.066869
chr1 1634001 1636001 0.051817
chr1 1636001 1638001 -0.005780
chr1 1638001 1640001 0.030493
chr1 1640001 1642001 0.081037
chr1 1642001 1644001 -0.040717
chr1 1644001 1646001 0.011475
chr1 1646001 1648001 0.034538
chr1 1648001 1650001 -0.017004
chr1 1650001 1652001 -0.070445
chr1 1652001 1654001 -0.026379
chr1 1654001 1656001 0.034538
chr1 1656001 1658001 0.028294
chr1 1658001 1660001 0.048055
chr1 1660001 1662001 0.046058
chr1 1662001 1664001 0.040953
chr1 1664001 1666001 -0.008863
chr1 1666001 1668001 0.057526
chr1 1668001 1670001 0.023646
chr1 1670001 1672001 -0.011691
chr1 1672001 1674001 0.020408
chr1 1674001 1676001 0.086751
chr1 1676001 1678001 0.058824
chr1 1678001 1680001 0.073764
chr1 1680001 1682001 0.049156
chr1 1682001 1684001 0.024242
chr1 1684001 1686001 0.001582
chr1 1686001 1688001 0.095694
chr1 1688001 1690001 0.082298
chr1 1690001 1692001 0.017843
chr1 1692001 1694001 0.031746
chr1 1694001 1696001 0.057506
chr1 1696001 1698001 0.071756
chr1 1698001 1700001 0.070467
chr1 1700001 1702001 0.032551
chr1 1702001 1704001 0.090083
chr1 1704001 1706001 0.022936
chr1 1706001 1708001 0.081040
chr1 1708001 1710001 0.095611
chr1 1710001 1712001 0.013678
chr1 1712001 1714001 0.026591
chr1 1714001 1716001 -0.068598
chr1 1716001 1718001 -0.024806
chr1 1718001 1720001 0.020753
chr1 1720001 1722001 0.070024
chr1 1722001 1724001 0.080350
chr1 1724001 1726001 0.062787
chr1 1726001 1728001 0.091909
chr1 1728001 1730001 0.115031
chr1 1730001 1732001 0.037548
chr1 1732001 1734001 0.017268
chr1 1734001 1736001 0.066770
chr1 1736001 1738001 0.020015
chr1 1738001 1740001 -0.024390
chr1 1740001 1742001 0.064830
chr1 1742001 1744001 0.006349
chr1 1744001 1746001 0.019040
chr1 1746001 1748001 -0.012308
chr1 1748001 1750001 0.000000
chr1 1750001 1752001 0.046959
chr1 1752001 1754001 0.021841
chr1 1754001 1756001 0.058642
chr1 1756001 1758001 0.071483
chr1 1758001 1760001 0.082334
chr1 1760001 1762001 0.017188
chr1 1762001 1764001 0.013889
chr1 1764001 1766001 0.084155
chr1 1766001 1768001 0.005961
chr1 1768001 1770001 -0.013616
chr1 1770001 1772001 0.011858
chr1 1772001 1774001 0.003040
chr1 1774001 1776001 0.025000
chr1 1776001 1778001 0.057187
chr1 1778001 1780001 0.072600
chr1 1780001 1782001 0.023495
chr1 1782001 1784001 -0.044234
chr1 1784001 1786001 0.057826
chr1 1786001 1788001 0.023331
chr1 1788001 1790001 0.026578
chr1 1790001 1792001 -0.012185
chr1 1792001 1794001 0.039809
chr1 1794001 1796001 0.076805
chr1 1796001 1798001 0.045274
chr1 1798001 1800001 0.044566
chr1 1800001 1802001 0.085890
chr1 1802001 1804001 0.022624
chr1 1804001 1806001 0.079632
chr1 1806001 1808001 0.121915
chr1 1808001 1810001 0.178838
chr1 1810001 1812001 0.017490
chr1 1812001 1814001 0.162142
chr1 1814001 1816001 0.217647
chr1 1816001 1818001 0.029096
chr1 1818001 1820001 0.093472
chr1 1820001 1822001 0.054750
chr1 1822001 1824001 0.067373
chr1 1824001 1826001 0.038260
chr1 1826001 1828001 0.052227
chr1 1828001 1830001 0.040123
chr1 1830001 1832001 -0.096029
chr1 1832001 1834001 -0.056657
chr1 1834001 1836001 0.074341
chr1 1836001 1838001 0.019897
chr1 1838001 1840001 0.080000
chr1 1840001 1842001 -0.076462
chr1 1842001 1844001 0.061856
chr1 1844001 1846001 -0.057123
chr1 1846001 1848001 0.028112
chr1 1848001 1850001 0.050427
chr1 1850001 1852001 0.066468
chr1 1852001 1854001 0.060029
chr1 1854001 1856001 0.055919
chr1 1856001 1858001 0.043609
chr1 1858001 1860001 -0.028483
chr1 1860001 1862001 0.043545
chr1 1862001 1864001 0.028571
chr1 1864001 1866001 0.012177
chr1 1866001 1868001 0.038311
chr1 1868001 1870001 0.053132
chr1 1870001 1872001 0.090000
chr1 1872001 1874001 -0.023585
chr1 1874001 1876001 0.016418
chr1 1876001 1878001 0.021739
chr1 1878001 1880001 0.181115
chr1 1880001 1882001 -0.049233
chr1 1882001 1884001 0.074104
chr1 1884001 1886001 0.018293
chr1 1886001 1888001 0.077647
chr1 1888001 1890001 -0.085366
chr1 1890001 1892001 0.073134
chr1 1892001 1894001 -0.060917
chr1 1894001 1896001 -0.086437
chr1 1896001 1898001 -0.060773
chr1 1898001 1900001 0.000742
chr1 1900001 1902001 0.039514
chr1 1902001 1904001 0.079699
chr1 1904001 1906001 -0.034536
chr1 1906001 1908001 0.024653
chr1 1908001 1910001 0.067991
chr1 1910001 1912001 0.022053
chr1 1912001 1914001 0.031514
chr1 1914001 1916001 0.123795
chr1 1916001 1918001 0.007474
chr1 1918001 1920001 0.029568
chr1 1920001 1922001 0.008574
chr1 1922001 1924001 -0.009360
chr1 1924001 1926001 -0.024868
chr1 1926001 1928001 0.033657
chr1 1928001 1930001 -0.026061
chr1 1930001 1932001 -0.004580
chr1 1932001 1934001 -0.017857
chr1 1934001 1936001 0.038690
chr1 1936001 1938001 0.105935
chr1 1938001 1940001 0.000000
chr1 1940001 1942001 0.004539
chr1 1942001 1944001 0.050143
chr1 1944001 1946001 0.033824
chr1 1946001 1948001 0.067797
chr1 1948001 1950001 0.034014
chr1 1950001 1952001 0.043344
chr1 1952001 1954001 0.031963
chr1 1954001 1956001 -0.018868
chr1 1956001 1958001 0.021091
chr1 1958001 1960001 0.020062
chr1 1960001 1962001 0.021792
chr1 1962001 1964001 0.019455
chr1 1964001 1966001 -0.012328
chr1 1966001 1968001 0.057949
chr1 1968001 1970001 0.039820
chr1 1970001 1972001 0.006961
chr1 1972001 1974001 0.038806
chr1 1974001 1976001 0.074981
chr1 1976001 1978001 0.059271
chr1 1978001 1980001 0.064291
chr1 1980001 1982001 0.070400
chr1 1982001 1984001 0.045249
chr1 1984001 1986001 0.097109
chr1 1986001 1988001 0.012400
chr1 1988001 1990001 0.054516
chr1 1990001 1992001 0.036419
chr1 1992001 1994001 0.026761
chr1 1994001 1996001 0.016467
chr1 1996001 1998001 0.029096
chr1 1998001 2000001 0.097444
chr1 2000001 2002001 0.109244
chr1 2002001 2004001 0.023574
chr1 2004001 2006001 0.024353
chr1 2006001 2008001 0.095729
chr1 2008001 2010001 0.007680
chr1 2010001 2012001 0.039880
chr1 2012001 2014001 0.036585
chr1 2014001 2016001 -0.057304
chr1 2016001 2018001 -0.012346
chr1 2018001 2020001 -0.002211
chr1 2020001 2022001 -0.018490
chr1 2022001 2024001 0.049104
chr1 2024001 2026001 0.097543
chr1 2026001 2028001 0.080831
chr1 2028001 2030001 0.018474
chr1 2030001 2032001 0.026906
chr1 2032001 2034001 -0.075747
chr1 2034001 2036001 -0.056851
chr1 2036001 2038001 -0.023828
chr1 2038001 2040001 0.003170
chr1 2040001 2042001 0.006042
chr1 2042001 2044001 0.058824
chr1 2044001 2046001 0.034988
chr1 2046001 2048001 0.031376
chr1 2048001 2050001 -0.051597
chr1 2050001 2052001 0.084825
chr1 2052001 2054001 -0.027800
chr1 2054001 2056001 -0.018957
chr1 2056001 2058001 0.005917
chr1 2058001 2060001 -0.035845
chr1 2060001 2062001 -0.025000
chr1 2062001 2064001 -0.019461
chr1 2064001 2066001 0.036126
chr1 2066001 2068001 0.003928
chr1 2068001 2070001 0.063035
chr1 2070001 2072001 -0.016895
chr1 2072001 2074001 -0.043210
chr1 2074001 2076001 0.065657
chr1 2076001 2078001 -0.032309
chr1 2078001 2080001 -0.043765
chr1 2080001 2082001 -0.034818
chr1 2082001 2084001 0.002313
chr1 2084001 2086001 -0.003160
chr1 2086001 2088001 0.031722
chr1 2088001 2090001 -0.014740
chr1 2090001 2092001 0.092044
chr1 2092001 2094001 0.051360
chr1 2094001 2096001 0.033259
chr1 2096001 2098001 0.063158
chr1 2098001 2100001 0.100730
chr1 2100001 2102001 0.005806
chr1 2102001 2104001 0.021708
chr1 2104001 2106001 -0.024096
chr1 2106001 2108001 0.025411
chr1 2108001 2110001 0.023256
chr1 2110001 2112001 0.040182
chr1 2112001 2114001 0.021626
chr1 2114001 2116001 0.000000
chr1 2116001 2118001 -0.055300
chr1 2118001 2120001 0.034848
chr1 2120001 2122001 0.002915
chr1 2122001 2124001 0.024963
chr1 2124001 2126001 0.055807
chr1 2126001 2128001 0.048041
chr1 2128001 2130001 0.007194
chr1 2130001 2132001 0.063643
chr1 2132001 2134001 0.081241
chr1 2134001 2136001 0.005742
chr1 2136001 2138001 -0.024730
chr1 2138001 2140001 0.024906
chr1 2140001 2142001 -0.041053
chr1 2142001 2144001 -0.058916
chr1 2144001 2146001 -0.016875
chr1 2146001 2148001 0.018721
chr1 2148001 2150001 0.049280
chr1 2150001 2152001 -0.010542
chr1 2152001 2154001 0.000000
chr1 2154001 2156001 0.070928
chr1 2156001 2158001 0.041543
chr1 2158001 2160001 0.068047
chr1 2160001 2162001 -0.006865
chr1 2162001 2164001 -0.024200
chr1 2164001 2166001 0.049922
chr1 2166001 2168001 0.161037
chr1 2168001 2170001 0.050407
chr1 2170001 2172001 -0.050766
chr1 2172001 2174001 0.048007
chr1 2174001 2176001 0.026375
chr1 2176001 2178001 0.055644
chr1 2178001 2180001 0.001534
chr1 2180001 2182001 0.039334
chr1 2182001 2184001 0.027509
chr1 2184001 2186001 0.048445
chr1 2186001 2188001 0.080119
chr1 2188001 2190001 0.037538
chr1 2190001 2192001 0.072955
chr1 2192001 2194001 0.037975
chr1 2194001 2196001 0.054742
chr1 2196001 2198001 0.009797
chr1 2198001 2200001 0.016743
chr1 2200001 2202001 0.038545
chr1 2202001 2204001 0.104500
chr1 2204001 2206001 0.028436
chr1 2206001 2208001 0.022745
chr1 2208001 2210001 0.070162
chr1 2210001 2212001 0.052632
chr1 2212001 2214001 0.044481
chr1 2214001 2216001 0.081633
chr1 2216001 2218001 0.127407
chr1 2218001 2220001 0.143890
chr1 2220001 2222001 0.136526
chr1 2222001 2224001 0.058015
chr1 2224001 2226001 0.019751
chr1 2226001 2228001 0.003063
chr1 2228001 2230001 -0.003934
chr1 2230001 2232001 0.068148
chr1 2232001 2234001 0.036711
chr1 2234001 2236001 0.044195
chr1 2236001 2238001 0.063391
chr1 2238001 2240001 0.035800
chr1 2240001 2242001 -0.003774
chr1 2242001 2244001 0.021021
chr1 2244001 2246001 0.012048
chr1 2246001 2248001 0.024682
chr1 2248001 2250001 0.002920
chr1 2250001 2252001 -0.062593
chr1 2252001 2254001 0.031111
chr1 2254001 2256001 0.085885
chr1 2256001 2258001 0.011424
chr1 2258001 2260001 0.135215
chr1 2260001 2262001 0.014383
chr1 2262001 2264001 0.111446
chr1 2264001 2266001 0.031828
chr1 2266001 2268001 0.046012
chr1 2268001 2270001 0.073090
chr1 2270001 2272001 0.055038
chr1 2272001 2274001 0.004658
chr1 2274001 2276001 0.087379
chr1 2276001 2278001 0.080527
chr1 2278001 2280001 0.095134
chr1 2280001 2282001 0.063540
chr1 2282001 2284001 0.092437
chr1 2284001 2286001 0.025937
chr1 2286001 2288001 0.033935
chr1 2288001 2290001 0.039039
chr1 2290001 2292001 -0.002175
chr1 2292001 2294001 -0.046980
chr1 2294001 2296001 -0.001495
chr1 2296001 2298001 0.039021
chr1 2298001 2300001 0.093233
chr1 2300001 2302001 0.005431
chr1 2302001 2304001 0.080247
chr1 2304001 2306001 0.047691
chr1 2306001 2308001 0.072848
chr1 2308001 2310001 0.095341
chr1 2310001 2312001 0.025298
chr1 2312001 2314001 0.002135
chr1 2314001 2316001 0.037764
chr1 2316001 2318001 0.034911
chr1 2318001 2320001 0.048424
chr1 2320001 2322001 0.047768
chr1 2322001 2324001 0.130933
chr1 2324001 2326001 0.033384
chr1 2326001 2328001 0.071374
chr1 2328001 2330001 0.000000
chr1 2330001 2332001 0.035048
chr1 2332001 2334001 0.018293
chr1 2334001 2336001 0.075038
chr1 2336001 2338001 0.025185
chr1 2338001 2340001 0.073171
chr1 2340001 2342001 0.033333
chr1 2342001 2344001 0.081332
chr1 2344001 2346001 0.093611
chr1 2346001 2348001 0.081210
chr1 2348001 2350001 0.026891
chr1 2350001 2352001 0.043911
chr1 2352001 2354001 0.073473
chr1 2354001 2356001 0.034277
chr1 2356001 2358001 0.055768
chr1 2358001 2360001 0.046662
chr1 2360001 2362001 0.008059
chr1 2362001 2364001 0.039504
chr1 2364001 2366001 0.029851
chr1 2366001 2368001 0.085457
chr1 2368001 2370001 0.039244
chr1 2370001 2372001 0.049327
chr1 2372001 2374001 0.082609
chr1 2374001 2376001 0.089482
chr1 2376001 2378001 0.014754
chr1 2378001 2380001 0.033577
chr1 2380001 2382001 0.017411
chr1 2382001 2384001 0.046083
chr1 2384001 2386001 0.045662
chr1 2386001 2388001 0.103964
chr1 2388001 2390001 0.073286
chr1 2390001 2392001 0.046458
chr1 2392001 2394001 0.032669
chr1 2394001 2396001 -0.024133
chr1 2396001 2398001 0.026005
chr1 2398001 2400001 0.020347
chr1 2400001 2402001 0.093558
chr1 2402001 2404001 0.006135
chr1 2404001 2406001 0.064417
chr1 2406001 2408001 0.031857
chr1 2408001 2410001 0.077491
chr1 2410001 2412001 0.020440
chr1 2412001 2414001 0.072261
chr1 2414001 2416001 0.070661
chr1 2416001 2418001 0.008352
chr1 2418001 2420001 0.080871
chr1 2420001 2422001 0.035517
chr1 2422001 2424001 0.037651
chr1 2424001 2426001 0.043611
chr1 2426001 2428001 0.061671
chr1 2428001 2430001 0.041420
chr1 2430001 2432001 -0.015198
chr1 2432001 2434001 0.045521
chr1 2434001 2436001 0.046296
chr1 2436001 2438001 0.007519
chr1 2438001 2440001 0.023406
chr1 2440001 2442001 0.005499
chr1 2442001 2444001 0.072508
chr1 2444001 2446001 0.024780
chr1 2446001 2448001 0.010425
chr1 2448001 2450001 -0.004854
chr1 2450001 2452001 -0.097918
chr1 2452001 2454001 0.002972
chr1 2454001 2456001 -0.058644
chr1 2456001 2458001 -0.050490
chr1 2458001 2460001 0.034024
chr1 2460001 2462001 -0.019040
chr1 2462001 2464001 -0.039057
chr1 2464001 2466001 -0.011765
chr1 2466001 2468001 0.091938
chr1 2468001 2470001 0.156053
chr1 2470001 2472001 0.024653
chr1 2472001 2474001 0.005806
chr1 2474001 2476001 -0.002257
chr1 2476001 2478001 0.097387
chr1 2478001 2480001 -0.002453
chr1 2480001 2482001 0.034375
chr1 2482001 2484001 -0.044892
chr1 2484001 2486001 -0.012461
chr1 2486001 2488001 0.015552
chr1 2488001 2490001 -0.082719
chr1 2490001 2492001 -0.084639
chr1 2492001 2494001 -0.075235
chr1 2494001 2496001 -0.025357
chr1 2496001 2498001 -0.067514
chr1 2498001 2500001 -0.158879
chr1 2500001 2502001 -0.085758
chr1 2502001 2504001 -0.204181
chr1 2504001 2506001 -0.035994
chr1 2506001 2508001 -0.037217
chr1 2508001 2510001 -0.003891
chr1 2510001 2512001 -0.006682
chr1 2512001 2514001 -0.082389
chr1 2514001 2516001 0.024906
chr1 2516001 2518001 -0.021309
chr1 2518001 2520001 -0.052317
chr1 2520001 2522001 -0.015707
chr1 2522001 2524001 -0.080845
chr1 2524001 2526001 -0.085339
chr1 2526001 2528001 -0.198772
chr1 2528001 2530001 -0.050475
chr1 2530001 2532001 -0.082302
chr1 2532001 2534001 -0.229719
chr1 2534001 2536001 -0.012158
chr1 2536001 2538001 -0.061345
chr1 2538001 2540001 -0.025568
chr1 2540001 2542001 -0.025411
chr1 2542001 2544001 -0.094891
chr1 2544001 2546001 -0.010558
chr1 2546001 2548001 -0.037806
chr1 2548001 2550001 -0.030075
chr1 2550001 2552001 0.019757
chr1 2552001 2554001 -0.016627
chr1 2554001 2556001 -0.039641
chr1 2556001 2558001 0.065799
chr1 2558001 2560001 0.018678
chr1 2560001 2562001 0.043665
chr1 2562001 2564001 -0.043825
chr1 2564001 2566001 -0.005686
chr1 2566001 2568001 -0.048683
chr1 2568001 2570001 0.017947
chr1 2570001 2572001 0.032258
chr1 2572001 2574001 0.000755
chr1 2574001 2576001 -0.020668
chr1 2576001 2578001 -0.032258
chr1 2578001 2580001 -0.046624
chr1 2580001 2582001 -0.071203
chr1 2582001 2584001 -0.107372
chr1 2584001 2586001 -0.010130
chr1 2586001 2588001 0.001515
chr1 2588001 2590001 0.083143
chr1 2590001 2592001 0.160902
chr1 2592001 2594001 -0.081210
chr1 2594001 2596001 -0.076806
chr1 2596001 2598001 -0.056548
chr1 2598001 2600001 -0.036928
chr1 2600001 2602001 -0.030837
chr1 2602001 2604001 -0.036419
chr1 2604001 2606001 -0.027190
chr1 2606001 2608001 -0.014296
chr1 2608001 2610001 -0.005499
chr1 2610001 2612001 -0.023112
chr1 2612001 2614001 -0.021944
chr1 2614001 2616001 -0.056090
chr1 2616001 2618001 -0.074189
chr1 2618001 2620001 0.016692
chr1 2620001 2622001 0.044248
chr1 2622001 2624001 -0.312602
chr1 2624001 2626001 -0.284579
chr1 2626001 2628001 -0.006515
chr1 2628001 2630001 -0.120000
chr1 2630001 2632001 -0.183891
chr1 2632001 2634001 -0.378685
chr1 2634001 2636001 -0.074130
chr1 2636001 2638001 0.027778
chr1 2638001 2640001 -0.105901
chr1 2640001 2642001 -0.273713
chr1 2642001 2644001 -0.138554
chr1 2644001 2646001 0.010212
chr1 2646001 2648001 -0.042489
chr1 2648001 2650001 0.007396
chr1 2650001 2652001 0.046656
chr1 2652001 2654001 -0.055891
chr1 2654001 2656001 -0.024623
chr1 2656001 2658001 -0.009709
chr1 2658001 2660001 -0.114264
chr1 2660001 2662001 -0.055853
chr1 2662001 2664001 -0.014493
chr1 2664001 2666001 0.045783
chr1 2666001 2668001 -0.048622
chr1 2668001 2670001 0.011933
chr1 2670001 2672001 -0.133816
chr1 2672001 2674001 0.037094
chr1 2674001 2676001 0.004552
chr1 2676001 2678001 -0.028526
chr1 2678001 2680001 -0.035144
chr1 2680001 2682001 -0.018433
chr1 2682001 2684001 -0.029529
chr1 2684001 2686001 -0.003344
chr1 2686001 2688001 -0.038920
chr1 2688001 2690001 -0.030945
chr1 2690001 2692001 -0.050199
chr1 2692001 2694001 -0.009245
chr1 2694001 2696001 -0.028744
chr1 2696001 2698001 -0.032826
chr1 2698001 2700001 -0.025868
chr1 2700001 2702001 -0.145286
chr1 2702001 2704001 -0.026495
chr1 2704001 2706001 -0.042042
chr1 2706001 2708001 -0.058104
chr1 2708001 2710001 -0.004739
chr1 2710001 2712001 0.006494
chr1 2712001 2714001 -0.055046
chr1 2714001 2716001 -0.041979
chr1 2716001 2718001 -0.043544
chr1 2718001 2720001 -0.011914
chr1 2720001 2722001 -0.007463
chr1 2722001 2724001 -0.043027
chr1 2724001 2726001 -0.002261
chr1 2726001 2728001 0.068940
chr1 2728001 2730001 0.014925
chr1 2730001 2732001 0.020900
chr1 2732001 2734001 -0.115031
chr1 2734001 2736001 -0.004458
chr1 2736001 2738001 -0.040182
chr1 2738001 2740001 0.022513
chr1 2740001 2742001 0.029434
chr1 2742001 2744001 0.079903
chr1 2744001 2746001 -0.053585
chr1 2746001 2748001 -0.108280
chr1 2748001 2750001 0.015949
chr1 2750001 2752001 0.008340
chr1 2752001 2754001 -0.025915
chr1 2754001 2756001 0.013858
chr1 2756001 2758001 0.011512
chr1 2758001 2760001 0.021116
chr1 2760001 2762001 0.003067
chr1 2762001 2764001 0.066986
chr1 2764001 2766001 -0.086221
chr1 2766001 2768001 -0.127031
chr1 2768001 2770001 -0.026415
chr1 2770001 2772001 -0.005882
chr1 2772001 2774001 0.011783
chr1 2774001 2776001 0.136671
chr1 2776001 2778001 0.102296
chr1 2778001 2780001 -0.017228
chr1 2780001 2782001 -0.021371
chr1 2782001 2784001 -0.024820
chr1 2784001 2786001 -0.009331
chr1 2786001 2788001 -0.002244
chr1 2788001 2790001 -0.063540
chr1 2790001 2792001 -0.020045
chr1 2792001 2794001 0.028832
chr1 2794001 2796001 -0.040304
chr1 2796001 2798001 0.057648
chr1 2798001 2800001 -0.004673
chr1 2800001 2802001 -0.022388
chr1 2802001 2804001 0.035633
chr1 2804001 2806001 0.022188
chr1 2806001 2808001 0.024943
chr1 2808001 2810001 0.024940
chr1 2810001 2812001 0.000000
chr1 2812001 2814001 -0.084127
chr1 2814001 2816001 -0.060976
chr1 2816001 2818001 -0.085881
chr1 2818001 2820001 -0.057018
chr1 2820001 2822001 -0.054340
chr1 2822001 2824001 -0.008468
chr1 2824001 2826001 -0.035579
chr1 2826001 2828001 -0.009231
chr1 2828001 2830001 -0.101515
chr1 2830001 2832001 -0.039760
chr1 2832001 2834001 0.012204
chr1 2834001 2836001 -0.028919
chr1 2836001 2838001 -0.046338
chr1 2838001 2840001 -0.031496
chr1 2840001 2842001 -0.109524
chr1 2842001 2844001 0.018755
chr1 2844001 2846001 -0.008191
chr1 2846001 2848001 -0.011407
chr1 2848001 2850001 -0.019794
chr1 2850001 2852001 -0.002375
chr1 2852001 2854001 -0.038666
chr1 2854001 2856001 -0.066463
chr1 2856001 2858001 -0.011070
chr1 2858001 2860001 -0.019926
chr1 2860001 2862001 -0.028094
chr1 2862001 2864001 -0.080222
chr1 2864001 2866001 -0.046600
chr1 2866001 2868001 -0.041439
chr1 2868001 2870001 -0.017544
chr1 2870001 2872001 -0.085123
chr1 2872001 2874001 -0.064607
chr1 2874001 2876001 -0.036925
chr1 2876001 2878001 0.002364
chr1 2878001 2880001 -0.034432
chr1 2880001 2882001 -0.027306
chr1 2882001 2884001 -0.052317
chr1 2884001 2886001 -0.045843
chr1 2886001 2888001 -0.038493
chr1 2888001 2890001 -0.043547
chr1 2890001 2892001 -0.089774
chr1 2892001 2894001 -0.120501
chr1 2894001 2896001 0.003185
chr1 2896001 2898001 -0.082864
chr1 2898001 2900001 -0.026985
chr1 2900001 2902001 -0.031915
chr1 2902001 2904001 -0.067821
chr1 2904001 2906001 -0.002237
chr1 2906001 2908001 -0.027195
chr1 2908001 2910001 0.006006
chr1 2910001 2912001 -0.006613
chr1 2912001 2914001 -0.018786
chr1 2914001 2916001 -0.030438
chr1 2916001 2918001 0.017647
chr1 2918001 2920001 0.019461
chr1 2920001 2922001 -0.047619
chr1 2922001 2924001 -0.035330
chr1 2924001 2926001 -0.015576
chr1 2926001 2928001 0.007126
chr1 2928001 2930001 -0.038348
chr1 2930001 2932001 -0.069424
chr1 2932001 2934001 -0.028929
chr1 2934001 2936001 -0.070111
chr1 2936001 2938001 -0.017964
chr1 2938001 2940001 -0.038123
chr1 2940001 2942001 -0.005236
chr1 2942001 2944001 0.010622
chr1 2944001 2946001 0.013177
chr1 2946001 2948001 -0.011782
chr1 2948001 2950001 -0.014085
chr1 2950001 2952001 -0.043956
chr1 2952001 2954001 -0.068235
chr1 2954001 2956001 -0.030016
chr1 2956001 2958001 -0.003605
chr1 2958001 2960001 -0.036023
chr1 2960001 2962001 -0.056358
chr1 2962001 2964001 0.019663
chr1 2964001 2966001 -0.020558
chr1 2966001 2968001 0.044728
chr1 2968001 2970001 0.008627
chr1 2970001 2972001 -0.014019
chr1 2972001 2974001 -0.025868
chr1 2974001 2976001 -0.041964
chr1 2976001 2978001 -0.017519
chr1 2978001 2980001 -0.014184
chr1 2980001 2982001 0.050147
chr1 2982001 2984001 -0.009050
chr1 2984001 2986001 -0.010370
chr1 2986001 2988001 -0.038489
chr1 2988001 2990001 -0.021898
chr1 2990001 2992001 -0.022190
chr1 2992001 2994001 -0.023669
chr1 2994001 2996001 0.003120
chr1 2996001 2998001 0.030666
chr1 2998001 3000001 -0.047393
chr1 3000001 3002001 -0.080583
chr1 3002001 3004001 -0.020439
chr1 3004001 3006001 0.106383
chr1 3006001 3008001 -0.019247
chr1 3008001 3010001 -0.036392
chr1 3010001 3012001 -0.062397
chr1 3012001 3014001 -0.008779
chr1 3014001 3016001 -0.018663
chr1 3016001 3018001 -0.021339
chr1 3018001 3020001 -0.013127
chr1 3020001 3022001 -0.165783
chr1 3022001 3024001 -0.088050
chr1 3024001 3026001 -0.044358
chr1 3026001 3028001 -0.058372
chr1 3028001 3030001 -0.038941
chr1 3030001 3032001 0.018209
chr1 3032001 3034001 -0.093800
chr1 3034001 3036001 -0.012327
chr1 3036001 3038001 -0.058466
chr1 3038001 3040001 -0.087665
chr1 3040001 3042001 -0.065681
chr1 3042001 3044001 -0.061748
chr1 3044001 3046001 -0.018039
chr1 3046001 3048001 0.001534
chr1 3048001 3050001 -0.053543
chr1 3050001 3052001 -0.017955
chr1 3052001 3054001 0.027331
chr1 3054001 3056001 0.024311
chr1 3056001 3058001 0.050243
chr1 3058001 3060001 -0.003478
chr1 3060001 3062001 0.041925
chr1 3062001 3064001 0.070162
chr1 3064001 3066001 -0.057435
chr1 3066001 3068001 0.031857
chr1 3068001 3070001 -0.010164
chr1 3070001 3072001 0.019069
chr1 3072001 3074001 0.076923
chr1 3074001 3076001 -0.030204
chr1 3076001 3078001 -0.003221
chr1 3078001 3080001 0.057334
chr1 3080001 3082001 0.011287
chr1 3082001 3084001 0.035191
chr1 3084001 3086001 0.037606
chr1 3086001 3088001 -0.062687
chr1 3088001 3090001 -0.067088
chr1 3090001 3092001 -0.000756
chr1 3092001 3094001 0.007137
chr1 3094001 3096001 -0.017134
chr1 3096001 3098001 0.008203
chr1 3098001 3100001 -0.020848
chr1 3100001 3102001 -0.046202
chr1 3102001 3104001 0.030911
chr1 3104001 3106001 -0.038797
chr1 3106001 3108001 -0.014241
chr1 3108001 3110001 -0.063768
chr1 3110001 3112001 -0.021505
chr1 3112001 3114001 -0.015528
chr1 3114001 3116001 -0.061383
chr1 3116001 3118001 -0.008494
chr1 3118001 3120001 -0.032258
chr1 3120001 3122001 -0.016845
chr1 3122001 3124001 -0.029231
chr1 3124001 3126001 -0.028825
chr1 3126001 3128001 0.086991
chr1 3128001 3130001 -0.055683
chr1 3130001 3132001 -0.097633
chr1 3132001 3134001 -0.071742
chr1 3134001 3136001 -0.063504
chr1 3136001 3138001 -0.034586
chr1 3138001 3140001 -0.094769
chr1 3140001 3142001 0.009539
chr1 3142001 3144001 -0.013636
chr1 3144001 3146001 -0.035385
chr1 3146001 3148001 -0.187500
chr1 3148001 3150001 0.012889
chr1 3150001 3152001 0.019857
chr1 3152001 3154001 -0.018423
chr1 3154001 3156001 -0.029931
chr1 3156001 3158001 0.044046
chr1 3158001 3160001 -0.040584
chr1 3160001 3162001 -0.020225
chr1 3162001 3164001 -0.018209
chr1 3164001 3166001 0.010511
chr1 3166001 3168001 -0.044025
chr1 3168001 3170001 -0.072441
chr1 3170001 3172001 0.048193
chr1 3172001 3174001 -0.018519
chr1 3174001 3176001 -0.025721
chr1 3176001 3178001 -0.021614
chr1 3178001 3180001 -0.031297
chr1 3180001 3182001 0.032967
chr1 3182001 3184001 -0.041229
chr1 3184001 3186001 -0.056197
chr1 3186001 3188001 0.044374
chr1 3188001 3190001 -0.018896
chr1 3190001 3192001 0.147772
chr1 3192001 3194001 0.042553
chr1 3194001 3196001 0.060372
chr1 3196001 3198001 0.050271
chr1 3198001 3200001 -0.016496
chr1 3200001 3202001 0.022866
chr1 3202001 3204001 0.060185
chr1 3204001 3206001 0.045959
chr1 3206001 3208001 -0.000815
chr1 3208001 3210001 -0.006192
chr1 3210001 3212001 0.016517
chr1 3212001 3214001 0.007037
chr1 3214001 3216001 0.011728
chr1 3216001 3218001 0.044636
chr1 3218001 3220001 0.016442
chr1 3220001 3222001 0.079055
chr1 3222001 3224001 -0.001634
chr1 3224001 3226001 0.015075
chr1 3226001 3228001 -0.062903
chr1 3228001 3230001 0.016794
chr1 3230001 3232001 0.024314
chr1 3232001 3234001 0.021143
chr1 3234001 3236001 0.101449
chr1 3236001 3238001 -0.008965
chr1 3238001 3240001 -0.021116
chr1 3240001 3242001 -0.026549
chr1 3242001 3244001 0.043741
chr1 3244001 3246001 0.027509
chr1 3246001 3248001 0.055556
chr1 3248001 3250001 0.015664
chr1 3250001 3252001 -0.064093
chr1 3252001 3254001 0.018425
chr1 3254001 3256001 -0.106918
chr1 3256001 3258001 -0.068362
chr1 3258001 3260001 -0.079070
chr1 3260001 3262001 -0.092308
chr1 3262001 3264001 0.027408
chr1 3264001 3266001 -0.091197
chr1 3266001 3268001 0.077966
chr1 3268001 3270001 -0.064830
chr1 3270001 3272001 0.035770
chr1 3272001 3274001 -0.035061
chr1 3274001 3276001 -0.050116
chr1 3276001 3278001 0.016733
chr1 3278001 3280001 0.021480
chr1 3280001 3282001 -0.038202
chr1 3282001 3284001 0.003035
chr1 3284001 3286001 -0.022256
chr1 3286001 3288001 -0.004029
chr1 3288001 3290001 0.085900
chr1 3290001 3292001 0.055988
chr1 3292001 3294001 -0.056000
chr1 3294001 3296001 0.000000
chr1 3296001 3298001 -0.025562
chr1 3298001 3300001 0.037915
chr1 3300001 3302001 0.051322
chr1 3302001 3304001 0.028340
chr1 3304001 3306001 -0.008936
chr1 3306001 3308001 -0.011783
chr1 3308001 3310001 -0.012924
chr1 3310001 3312001 -0.020093
chr1 3312001 3314001 0.066667
chr1 3314001 3316001 -0.014949
chr1 3316001 3318001 0.039106
chr1 3318001 3320001 0.019099
chr1 3320001 3322001 0.016840
chr1 3322001 3324001 0.003897
chr1 3324001 3326001 0.069018
chr1 3326001 3328001 0.031153
chr1 3328001 3330001 0.023845
chr1 3330001 3332001 0.007474
chr1 3332001 3334001 0.043413
chr1 3334001 3336001 0.008314
chr1 3336001 3338001 -0.030960
chr1 3338001 3340001 0.077752
chr1 3340001 3342001 0.011103
chr1 3342001 3344001 -0.001490
chr1 3344001 3346001 0.037391
chr1 3346001 3348001 -0.037779
chr1 3348001 3350001 0.018039
chr1 3350001 3352001 0.003077
chr1 3352001 3354001 -0.012967
chr1 3354001 3356001 0.019939
chr1 3356001 3358001 -0.001515
chr1 3358001 3360001 0.013493
chr1 3360001 3362001 0.008824
chr1 3362001 3364001 0.039464
chr1 3364001 3366001 0.029586
chr1 3366001 3368001 -0.019128
chr1 3368001 3370001 0.029568
chr1 3370001 3372001 0.052467
chr1 3372001 3374001 0.031076
chr1 3374001 3376001 -0.036090
chr1 3376001 3378001 -0.105226
chr1 3378001 3380001 -0.020968
chr1 3380001 3382001 0.004566
chr1 3382001 3384001 -0.036519
chr1 3384001 3386001 -0.081588
chr1 3386001 3388001 -0.075542
chr1 3388001 3390001 -0.004184
chr1 3390001 3392001 0.045016
chr1 3392001 3394001 -0.020276
chr1 3394001 3396001 0.169705
chr1 3396001 3398001 0.121813
chr1 3398001 3400001 0.004800
chr1 3400001 3402001 -0.068604
chr1 3402001 3404001 0.049430
chr1 3404001 3406001 0.042366
chr1 3406001 3408001 0.036540
chr1 3408001 3410001 -0.025641
chr1 3410001 3412001 -0.001534
chr1 3412001 3414001 -0.039634
chr1 3414001 3416001 -0.038156
chr1 3416001 3418001 -0.028396
chr1 3418001 3420001 -0.027481
chr1 3420001 3422001 -0.055821
chr1 3422001 3424001 -0.010260
chr1 3424001 3426001 -0.060082
chr1 3426001 3428001 -0.000783
chr1 3428001 3430001 -0.030945
chr1 3430001 3432001 -0.048544
chr1 3432001 3434001 -0.046225
chr1 3434001 3436001 -0.084318
chr1 3436001 3438001 -0.005348
chr1 3438001 3440001 0.015801
chr1 3440001 3442001 -0.014740
chr1 3442001 3444001 0.010736
chr1 3444001 3446001 -0.182073
chr1 3446001 3448001 -0.240331
chr1 3448001 3450001 0.067265
chr1 3450001 3452001 0.020532
chr1 3452001 3454001 -0.012442
chr1 3454001 3456001 0.057099
chr1 3456001 3458001 0.029008
chr1 3458001 3460001 0.014019
chr1 3460001 3462001 0.022817
chr1 3462001 3464001 0.064491
chr1 3464001 3466001 0.131255
chr1 3466001 3468001 0.057764
chr1 3468001 3470001 0.048062
chr1 3470001 3472001 0.031746
chr1 3472001 3474001 0.066775
chr1 3474001 3476001 0.084375
chr1 3476001 3478001 0.275325
chr1 3478001 3480001 0.189607
chr1 3480001 3482001 0.061807
chr1 3482001 3484001 -0.017350
chr1 3484001 3486001 -0.026814
chr1 3486001 3488001 -0.043097
chr1 3488001 3490001 -0.011006
chr1 3490001 3492001 -0.009302
chr1 3492001 3494001 -0.000777
chr1 3494001 3496001 -0.021143
chr1 3496001 3498001 -0.017126
chr1 3498001 3500001 0.035608
chr1 3500001 3502001 -0.044547
chr1 3502001 3504001 -0.011876
chr1 3504001 3506001 -0.047696
chr1 3506001 3508001 0.045059
chr1 3508001 3510001 -0.039523
chr1 3510001 3512001 -0.041322
chr1 3512001 3514001 -0.023975
chr1 3514001 3516001 -0.043410
chr1 3516001 3518001 -0.051829
chr1 3518001 3520001 -0.054157
chr1 3520001 3522001 -0.063733
chr1 3522001 3524001 0.014318
chr1 3524001 3526001 -0.036690
chr1 3526001 3528001 -0.094868
chr1 3528001 3530001 -0.012403
chr1 3530001 3532001 -0.000760
chr1 3532001 3534001 0.004484
chr1 3534001 3536001 -0.030568
chr1 3536001 3538001 -0.046388
chr1 3538001 3540001 -0.016974
chr1 3540001 3542001 0.032600
chr1 3542001 3544001 -0.027925
chr1 3544001 3546001 -0.005283
chr1 3546001 3548001 -0.095380
chr1 3548001 3550001 -0.012195
chr1 3550001 3552001 0.005236
chr1 3552001 3554001 -0.006470
chr1 3554001 3556001 -0.015707
chr1 3556001 3558001 -0.061765
chr1 3558001 3560001 -0.004608
chr1 3560001 3562001 -0.040366
chr1 3562001 3564001 -0.052970
chr1 3564001 3566001 0.006250
chr1 3566001 3568001 -0.056633
chr1 3568001 3570001 -0.050874
chr1 3570001 3572001 -0.009962
chr1 3572001 3574001 0.060842
chr1 3574001 3576001 -0.087379
chr1 3576001 3578001 0.045383
chr1 3578001 3580001 -0.074046
chr1 3580001 3582001 -0.044636
chr1 3582001 3584001 0.003356
chr1 3584001 3586001 -0.039024
chr1 3586001 3588001 -0.089723
chr1 3588001 3590001 -0.038103
chr1 3590001 3592001 -0.027409
chr1 3592001 3594001 -0.010084
chr1 3594001 3596001 -0.008197
chr1 3596001 3598001 -0.033784
chr1 3598001 3600001 0.031705
chr1 3600001 3602001 0.020145
chr1 3602001 3604001 -0.103960
chr1 3604001 3606001 -0.024631
chr1 3606001 3608001 -0.060748
chr1 3608001 3610001 -0.107353
chr1 3610001 3612001 -0.009146
chr1 3612001 3614001 0.016287
chr1 3614001 3616001 -0.068293
chr1 3616001 3618001 -0.207495
chr1 3618001 3620001 -0.181556
chr1 3620001 3622001 -0.231944
chr1 3622001 3624001 -0.162080
chr1 3624001 3626001 0.131203
chr1 3626001 3628001 -0.063253
chr1 3628001 3630001 -0.087977
chr1 3630001 3632001 -0.045045
chr1 3632001 3634001 -0.033256
chr1 3634001 3636001 0.006116
chr1 3636001 3638001 -0.010101
chr1 3638001 3640001 -0.032689
chr1 3640001 3642001 -0.031709
chr1 3642001 3644001 0.011645
chr1 3644001 3646001 -0.075444
chr1 3646001 3648001 -0.008378
chr1 3648001 3650001 0.000000
chr1 3650001 3652001 -0.022762
chr1 3652001 3654001 0.035845
chr1 3654001 3656001 -0.102985
chr1 3656001 3658001 -0.016717
chr1 3658001 3660001 0.003021
chr1 3660001 3662001 0.015408
chr1 3662001 3664001 -0.048499
chr1 3664001 3666001 0.087832
chr1 3666001 3668001 0.041874
chr1 3668001 3670001 0.071377
chr1 3670001 3672001 0.021490
chr1 3672001 3674001 -0.054195
chr1 3674001 3676001 -0.071590
chr1 3676001 3678001 -0.045752
chr1 3678001 3680001 -0.113136
chr1 3680001 3682001 -0.014537
chr1 3682001 3684001 -0.076259
chr1 3684001 3686001 0.008240
chr1 3686001 3688001 0.002933
chr1 3688001 3690001 -0.023256
chr1 3690001 3692001 0.014778
chr1 3692001 3694001 -0.024355
chr1 3694001 3696001 -0.020440
chr1 3696001 3698001 -0.033885
chr1 3698001 3700001 -0.030960
chr1 3700001 3702001 -0.101107
chr1 3702001 3704001 0.009331
chr1 3704001 3706001 -0.034483
chr1 3706001 3708001 -0.066270
chr1 3708001 3710001 -0.052550
chr1 3710001 3712001 -0.068814
chr1 3712001 3714001 -0.017571
chr1 3714001 3716001 -0.001495
chr1 3716001 3718001 -0.035686
chr1 3718001 3720001 -0.002342
chr1 3720001 3722001 -0.041979
chr1 3722001 3724001 0.064337
chr1 3724001 3726001 -0.073394
chr1 3726001 3728001 -0.058824
chr1 3728001 3730001 -0.082569
chr1 3730001 3732001 0.019608
chr1 3732001 3734001 -0.065234
chr1 3734001 3736001 0.040799
chr1 3736001 3738001 -0.049587
chr1 3738001 3740001 -0.026588
chr1 3740001 3742001 -0.021398
chr1 3742001 3744001 -0.122062
chr1 3744001 3746001 -0.062926
chr1 3746001 3748001 0.006742
chr1 3748001 3750001 -0.036269
chr1 3750001 3752001 -0.064465
chr1 3752001 3754001 -0.098431
chr1 3754001 3756001 -0.021561
chr1 3756001 3758001 -0.054575
chr1 3758001 3760001 -0.022831
chr1 3760001 3762001 -0.054734
chr1 3762001 3764001 0.066771
chr1 3764001 3766001 -0.081917
chr1 3766001 3768001 -0.049505
chr1 3768001 3770001 -0.060203
chr1 3770001 3772001 0.014970
chr1 3772001 3774001 -0.067278
chr1 3774001 3776001 0.040562
chr1 3776001 3778001 -0.020914
chr1 3778001 3780001 -0.057637
chr1 3780001 3782001 0.001490
chr1 3782001 3784001 -0.012583
chr1 3784001 3786001 -0.006270
chr1 3786001 3788001 0.043755
chr1 3788001 3790001 -0.053322
chr1 3790001 3792001 -0.008627
chr1 3792001 3794001 -0.027950
chr1 3794001 3796001 -0.100000
chr1 3796001 3798001 -0.048062
chr1 3798001 3800001 -0.068006
chr1 3800001 3802001 -0.006897
chr1 3802001 3804001 0.012583
chr1 3804001 3806001 -0.019275
chr1 3806001 3808001 -0.038260
chr1 3808001 3810001 0.023682
chr1 3810001 3812001 -0.008210
chr1 3812001 3814001 0.039504
chr1 3814001 3816001 0.177678
chr1 3816001 3818001 0.156250
chr1 3818001 3820001 -0.007680
chr1 3820001 3822001 -0.049313
chr1 3822001 3824001 0.013333
chr1 3824001 3826001 -0.050998
chr1 3826001 3828001 -0.047691
chr1 3828001 3830001 -0.057165
chr1 3830001 3832001 -0.017910
chr1 3832001 3834001 -0.054240
chr1 3834001 3836001 -0.049740
chr1 3836001 3838001 -0.080063
chr1 3838001 3840001 -0.041636
chr1 3840001 3842001 -0.044152
chr1 3842001 3844001 -0.052551
chr1 3844001 3846001 -0.047547
chr1 3846001 3848001 -0.065235
chr1 3848001 3850001 -0.012327
chr1 3850001 3852001 -0.038828
chr1 3852001 3854001 -0.081438
chr1 3854001 3856001 -0.081893
chr1 3856001 3858001 0.019262
chr1 3858001 3860001 0.011820
chr1 3860001 3862001 0.000000
chr1 3862001 3864001 -0.025882
chr1 3864001 3866001 0.062500
chr1 3866001 3868001 -0.009009
chr1 3868001 3870001 -0.033411
chr1 3870001 3872001 -0.074943
chr1 3872001 3874001 -0.017544
chr1 3874001 3876001 -0.064541
chr1 3876001 3878001 -0.053517
chr1 3878001 3880001 -0.065217
chr1 3880001 3882001 -0.044118
chr1 3882001 3884001 -0.072485
chr1 3884001 3886001 -0.056296
chr1 3886001 3888001 -0.068032
chr1 3888001 3890001 -0.242946
chr1 3890001 3892001 -0.056836
chr1 3892001 3894001 0.001429
chr1 3894001 3896001 -0.019908
chr1 3896001 3898001 -0.050427
chr1 3898001 3900001 -0.020979
chr1 3900001 3902001 -0.012195
chr1 3902001 3904001 -0.031579
chr1 3904001 3906001 -0.040833
chr1 3906001 3908001 0.133550
chr1 3908001 3910001 -0.019578
chr1 3910001 3912001 -0.035796
chr1 3912001 3914001 -0.095666
chr1 3914001 3916001 -0.134868
chr1 3916001 3918001 -0.086342
chr1 3918001 3920001 -0.039484
chr1 3920001 3922001 -0.097125
chr1 3922001 3924001 0.029186
chr1 3924001 3926001 -0.057011
chr1 3926001 3928001 -0.068273
chr1 3928001 3930001 -0.043671
chr1 3930001 3932001 -0.014903
chr1 3932001 3934001 -0.023923
chr1 3934001 3936001 -0.047619
chr1 3936001 3938001 -0.001565
chr1 3938001 3940001 -0.036508
chr1 3940001 3942001 -0.081790
chr1 3942001 3944001 -0.007241
chr1 3944001 3946001 -0.050595
chr1 3946001 3948001 -0.038402
chr1 3948001 3950001 -0.077385
chr1 3950001 3952001 0.007364
chr1 3952001 3954001 0.070318
chr1 3954001 3956001 -0.004762
chr1 3956001 3958001 -0.079460
chr1 3958001 3960001 -0.012734
chr1 3960001 3962001 0.051395
chr1 3962001 3964001 0.005414
chr1 3964001 3966001 -0.044248
chr1 3966001 3968001 -0.060222
chr1 3968001 3970001 0.012165
chr1 3970001 3972001 -0.003339
chr1 3972001 3974001 0.041030
chr1 3974001 3976001 -0.038079
chr1 3976001 3978001 0.082278
chr1 3978001 3980001 0.049231
chr1 3980001 3982001 -0.020347
chr1 3982001 3984001 -0.023656
chr1 3984001 3986001 0.019900
chr1 3986001 3988001 -0.027553
chr1 3988001 3990001 -0.045931
chr1 3990001 3992001 0.022639
chr1 3992001 3994001 0.054412
chr1 3994001 3996001 -0.005997
chr1 3996001 3998001 0.057839
chr1 3998001 4000001 -0.004412
chr1 4000001 4002001 0.026627
chr1 4002001 4004001 -0.003610
chr1 4004001 4006001 0.015625
chr1 4006001 4008001 0.063197
chr1 4008001 4010001 -0.148235
chr1 4010001 4012001 -0.025437
chr1 4012001 4014001 -0.046347
chr1 4014001 4016001 0.005251
chr1 4016001 4018001 -0.023538
chr1 4018001 4020001 -0.099688
chr1 4020001 4022001 -0.028180
chr1 4022001 4024001 -0.059524
chr1 4024001 4026001 -0.095485
chr1 4026001 4028001 -0.049005
chr1 4028001 4030001 -0.007541
chr1 4030001 4032001 -0.063665
chr1 4032001 4034001 -0.051360
chr1 4034001 4036001 -0.022121
chr1 4036001 4038001 0.000756
chr1 4038001 4040001 0.025797
chr1 4040001 4042001 -0.002342
chr1 4042001 4044001 -0.053613
chr1 4044001 4046001 -0.006221
chr1 4046001 4048001 -0.033233
chr1 4048001 4050001 0.003077
chr1 4050001 4052001 -0.079554
chr1 4052001 4054001 -0.032210
chr1 4054001 4056001 -0.051958
chr1 4056001 4058001 -0.053543
chr1 4058001 4060001 -0.118774
chr1 4060001 4062001 -0.043478
chr1 4062001 4064001 -0.002306
chr1 4064001 4066001 0.015361
chr1 4066001 4068001 -0.048113
chr1 4068001 4070001 0.070295
chr1 4070001 4072001 -0.015801
chr1 4072001 4074001 -0.042081
chr1 4074001 4076001 -0.044978
chr1 4076001 4078001 0.005259
chr1 4078001 4080001 -0.067285
chr1 4080001 4082001 0.011746
chr1 4082001 4084001 -0.026616
chr1 4084001 4086001 0.106354
chr1 4086001 4088001 0.089753
chr1 4088001 4090001 -0.013761
chr1 4090001 4092001 -0.041538
chr1 4092001 4094001 -0.072574
chr1 4094001 4096001 -0.055436
chr1 4096001 4098001 -0.013889
chr1 4098001 4100001 -0.055513
chr1 4100001 4102001 -0.005204
chr1 4102001 4104001 -0.039870
chr1 4104001 4106001 -0.045603
chr1 4106001 4108001 -0.047690
chr1 4108001 4110001 -0.036162
chr1 4110001 4112001 -0.013889
chr1 4112001 4114001 -0.012121
chr1 4114001 4116001 0.005128
chr1 4116001 4118001 -0.021875
chr1 4118001 4120001 -0.031104
chr1 4120001 4122001 -0.016813
chr1 4122001 4124001 -0.007264
chr1 4124001 4126001 -0.078037
chr1 4126001 4128001 0.109065
chr1 4128001 4130001 -0.023361
chr1 4130001 4132001 -0.028249
chr1 4132001 4134001 -0.211740
chr1 4134001 4136001 -0.337374
chr1 4136001 4138001 -0.130952
chr1 4138001 4140001 -0.046107
chr1 4140001 4142001 -0.063729
chr1 4142001 4144001 -0.080324
chr1 4144001 4146001 -0.059803
chr1 4146001 4148001 -0.048589
chr1 4148001 4150001 -0.036585
chr1 4150001 4152001 -0.009637
chr1 4152001 4154001 0.006875
chr1 4154001 4156001 -0.020000
chr1 4156001 4158001 -0.037915
chr1 4158001 4160001 -0.049233
chr1 4160001 4162001 0.006221
chr1 4162001 4164001 -0.009449
chr1 4164001 4166001 -0.052067
chr1 4166001 4168001 -0.044394
chr1 4168001 4170001 -0.051737
chr1 4170001 4172001 -0.157895
chr1 4172001 4174001 -0.001550
chr1 4174001 4176001 -0.001499
chr1 4176001 4178001 -0.005389
chr1 4178001 4180001 -0.061728
chr1 4180001 4182001 -0.006865
chr1 4182001 4184001 -0.097318
chr1 4184001 4186001 -0.051696
chr1 4186001 4188001 -0.070513
chr1 4188001 4190001 -0.015552
chr1 4190001 4192001 -0.000775
chr1 4192001 4194001 -0.060465
chr1 4194001 4196001 -0.064391
chr1 4196001 4198001 -0.033981
chr1 4198001 4200001 -0.019826
chr1 4200001 4202001 0.003867
chr1 4202001 4204001 -0.019817
chr1 4204001 4206001 -0.037481
chr1 4206001 4208001 -0.037213
chr1 4208001 4210001 -0.049355
chr1 4210001 4212001 0.002379
chr1 4212001 4214001 -0.039574
chr1 4214001 4216001 -0.098127
chr1 4216001 4218001 -0.057616
chr1 4218001 4220001 -0.087021
chr1 4220001 4222001 -0.041053
chr1 4222001 4224001 -0.018415
chr1 4224001 4226001 -0.069433
chr1 4226001 4228001 -0.056948
chr1 4228001 4230001 -0.097892
chr1 4230001 4232001 0.007716
chr1 4232001 4234001 -0.021875
chr1 4234001 4236001 0.002357
chr1 4236001 4238001 -0.042340
chr1 4238001 4240001 -0.059655
chr1 4240001 4242001 -0.022222
chr1 4242001 4244001 -0.039875
chr1 4244001 4246001 -0.024768
chr1 4246001 4248001 -0.011765
chr1 4248001 4250001 -0.034700
chr1 4250001 4252001 -0.063158
chr1 4252001 4254001 0.017050
chr1 4254001 4256001 -0.039381
chr1 4256001 4258001 -0.065760
chr1 4258001 4260001 -0.061908
chr1 4260001 4262001 -0.022091
chr1 4262001 4264001 -0.005204
chr1 4264001 4266001 -0.035960
chr1 4266001 4268001 -0.103021
chr1 4268001 4270001 0.006116
chr1 4270001 4272001 -0.077176
chr1 4272001 4274001 0.013027
chr1 4274001 4276001 0.060995
chr1 4276001 4278001 -0.012658
chr1 4278001 4280001 -0.049612
chr1 4280001 4282001 -0.034803
chr1 4282001 4284001 -0.008936
chr1 4284001 4286001 -0.090759
chr1 4286001 4288001 0.012048
chr1 4288001 4290001 0.009917
chr1 4290001 4292001 -0.052885
chr1 4292001 4294001 -0.045593
chr1 4294001 4296001 -0.005204
chr1 4296001 4298001 -0.029412
chr1 4298001 4300001 -0.132492
chr1 4300001 4302001 -0.034810
chr1 4302001 4304001 -0.029388
chr1 4304001 4306001 -0.046012
chr1 4306001 4308001 -0.027581
chr1 4308001 4310001 -0.050000
chr1 4310001 4312001 0.045741
chr1 4312001 4314001 -0.006483
chr1 4314001 4316001 -0.072900
chr1 4316001 4318001 0.011895
chr1 4318001 4320001 0.036519
chr1 4320001 4322001 -0.038433
chr1 4322001 4324001 -0.059748
chr1 4324001 4326001 -0.073059
chr1 4326001 4328001 0.090055
chr1 4328001 4330001 -0.104670
chr1 4330001 4332001 -0.023401
chr1 4332001 4334001 -0.044753
chr1 4334001 4336001 -0.049767
chr1 4336001 4338001 -0.063035
chr1 4338001 4340001 -0.104918
chr1 4340001 4342001 -0.032566
chr1 4342001 4344001 -0.018750
chr1 4344001 4346001 -0.045732
chr1 4346001 4348001 -0.052713
chr1 4348001 4350001 -0.015385
chr1 4350001 4352001 -0.025237
chr1 4352001 4354001 -0.033742
chr1 4354001 4356001 -0.083525
chr1 4356001 4358001 -0.020062
chr1 4358001 4360001 -0.038348
chr1 4360001 4362001 -0.034169
chr1 4362001 4364001 -0.077853
chr1 4364001 4366001 -0.079316
chr1 4366001 4368001 -0.046202
chr1 4368001 4370001 0.032258
chr1 4370001 4372001 -0.019139
chr1 4372001 4374001 0.039002
chr1 4374001 4376001 -0.058555
chr1 4376001 4378001 -0.086957
chr1 4378001 4380001 -0.050193
chr1 4380001 4382001 -0.049080
chr1 4382001 4384001 -0.026296
chr1 4384001 4386001 -0.040299
chr1 4386001 4388001 -0.047909
chr1 4388001 4390001 -0.045388
chr1 4390001 4392001 -0.036641
chr1 4392001 4394001 0.068679
chr1 4394001 4396001 -0.042453
chr1 4396001 4398001 -0.003934
chr1 4398001 4400001 -0.097768
chr1 4400001 4402001 -0.012739
chr1 4402001 4404001 0.021412
chr1 4404001 4406001 -0.062839
chr1 4406001 4408001 -0.008723
chr1 4408001 4410001 0.027237
chr1 4410001 4412001 -0.103571
chr1 4412001 4414001 -0.187108
chr1 4414001 4416001 -0.149485
chr1 4416001 4418001 -0.071373
chr1 4418001 4420001 -0.059571
chr1 4420001 4422001 0.000000
chr1 4422001 4424001 -0.054264
chr1 4424001 4426001 0.012305
chr1 4426001 4428001 -0.039098
chr1 4428001 4430001 -0.028396
chr1 4430001 4432001 0.007788
chr1 4432001 4434001 -0.035686
chr1 4434001 4436001 -0.033846
chr1 4436001 4438001 -0.016845
chr1 4438001 4440001 -0.013168
chr1 4440001 4442001 -0.067610
chr1 4442001 4444001 0.000000
chr1 4444001 4446001 -0.011655
chr1 4446001 4448001 -0.048742
chr1 4448001 4450001 -0.088803
chr1 4450001 4452001 -0.013910
chr1 4452001 4454001 -0.068643
chr1 4454001 4456001 -0.019697
chr1 4456001 4458001 -0.115819
chr1 4458001 4460001 -0.042296
chr1 4460001 4462001 0.033725
chr1 4462001 4464001 -0.023474
chr1 4464001 4466001 -0.030636
chr1 4466001 4468001 -0.013271
chr1 4468001 4470001 -0.072000
chr1 4470001 4472001 -0.022523
chr1 4472001 4474001 -0.041384
chr1 4474001 4476001 -0.081369
chr1 4476001 4478001 -0.005275
chr1 4478001 4480001 -0.046959
chr1 4480001 4482001 -0.017761
chr1 4482001 4484001 -0.208044
chr1 4484001 4486001 -0.146049
chr1 4486001 4488001 -0.087637
chr1 4488001 4490001 -0.092320
chr1 4490001 4492001 -0.064054
chr1 4492001 4494001 -0.050901
chr1 4494001 4496001 -0.054010
chr1 4496001 4498001 -0.083981
chr1 4498001 4500001 0.027864
chr1 4500001 4502001 -0.023659
chr1 4502001 4504001 -0.049313
chr1 4504001 4506001 -0.086364
chr1 4506001 4508001 -0.000776
chr1 4508001 4510001 0.000763
chr1 4510001 4512001 -0.027068
chr1 4512001 4514001 -0.035928
chr1 4514001 4516001 -0.039494
chr1 4516001 4518001 -0.074981
chr1 4518001 4520001 -0.027069
chr1 4520001 4522001 -0.021021
chr1 4522001 4524001 -0.025210
chr1 4524001 4526001 0.069307
chr1 4526001 4528001 0.054657
chr1 4528001 4530001 0.022053
chr1 4530001 4532001 0.017544
chr1 4532001 4534001 -0.045942
chr1 4534001 4536001 -0.031226
chr1 4536001 4538001 0.000755
chr1 4538001 4540001 0.103923
chr1 4540001 4542001 0.000709
chr1 4542001 4544001 -0.012715
chr1 4544001 4546001 -0.020505
chr1 4546001 4548001 -0.034591
chr1 4548001 4550001 -0.034169
chr1 4550001 4552001 -0.030628
chr1 4552001 4554001 0.028266
chr1 4554001 4556001 -0.052632
chr1 4556001 4558001 0.107994
chr1 4558001 4560001 0.003940
chr1 4560001 4562001 -0.001582
chr1 4562001 4564001 -0.011164
chr1 4564001 4566001 -0.032951
chr1 4566001 4568001 -0.038433
chr1 4568001 4570001 -0.065850
chr1 4570001 4572001 0.002257
chr1 4572001 4574001 -0.066362
chr1 4574001 4576001 -0.041467
chr1 4576001 4578001 -0.016445
chr1 4578001 4580001 0.013481
chr1 4580001 4582001 -0.064815
chr1 4582001 4584001 -0.136918
chr1 4584001 4586001 -0.206163
chr1 4586001 4588001 -0.017598
chr1 4588001 4590001 -0.016393
chr1 4590001 4592001 -0.263081
chr1 4592001 4594001 -0.117647
chr1 4594001 4596001 0.087440
chr1 4596001 4598001 -0.053485
chr1 4598001 4600001 -0.050951
chr1 4600001 4602001 -0.059094
chr1 4602001 4604001 0.043866
chr1 4604001 4606001 -0.039574
chr1 4606001 4608001 -0.038462
chr1 4608001 4610001 -0.049740
chr1 4610001 4612001 -0.023697
chr1 4612001 4614001 -0.060203
chr1 4614001 4616001 -0.036980
chr1 4616001 4618001 -0.060628
chr1 4618001 4620001 -0.055060
chr1 4620001 4622001 -0.022578
chr1 4622001 4624001 0.001522
chr1 4624001 4626001 0.006721
chr1 4626001 4628001 0.034380
chr1 4628001 4630001 -0.024096
chr1 4630001 4632001 -0.085758
chr1 4632001 4634001 -0.022659
chr1 4634001 4636001 -0.007429
chr1 4636001 4638001 -0.028868
chr1 4638001 4640001 -0.074102
chr1 4640001 4642001 -0.053036
chr1 4642001 4644001 -0.096356
chr1 4644001 4646001 -0.113164
chr1 4646001 4648001 -0.046701
chr1 4648001 4650001 -0.054545
chr1 4650001 4652001 0.037955
chr1 4652001 4654001 -0.106022
chr1 4654001 4656001 -0.066241
chr1 4656001 4658001 -0.015660
chr1 4658001 4660001 -0.046310
chr1 4660001 4662001 -0.088534
chr1 4662001 4664001 -0.006593
chr1 4664001 4666001 -0.023364
chr1 4666001 4668001 -0.004471
chr1 4668001 4670001 -0.040316
chr1 4670001 4672001 -0.034154
chr1 4672001 4674001 -0.070239
chr1 4674001 4676001 -0.040876
chr1 4676001 4678001 0.020668
chr1 4678001 4680001 0.004559
chr1 4680001 4682001 0.024096
chr1 4682001 4684001 0.016897
chr1 4684001 4686001 0.110041
chr1 4686001 4688001 -0.035032
chr1 4688001 4690001 -0.031125
chr1 4690001 4692001 -0.089299
chr1 4692001 4694001 -0.027027
chr1 4694001 4696001 0.011338
chr1 4696001 4698001 -0.064345
chr1 4698001 4700001 0.006875
chr1 4700001 4702001 0.002324
chr1 4702001 4704001 -0.102899
chr1 4704001 4706001 -0.088873
chr1 4706001 4708001 -0.057453
chr1 4708001 4710001 -0.070137
chr1 4710001 4712001 -0.037425
chr1 4712001 4714001 -0.001560
chr1 4714001 4716001 -0.034535
chr1 4716001 4718001 -0.020031
chr1 4718001 4720001 -0.049927
chr1 4720001 4722001 -0.039474
chr1 4722001 4724001 -0.004644
chr1 4724001 4726001 -0.002324
chr1 4726001 4728001 -0.025923
chr1 4728001 4730001 -0.067170
chr1 4730001 4732001 -0.068296
chr1 4732001 4734001 0.013514
chr1 4734001 4736001 -0.055385
chr1 4736001 4738001 -0.071155
chr1 4738001 4740001 -0.008277
chr1 4740001 4742001 0.025496
chr1 4742001 4744001 -0.032885
chr1 4744001 4746001 -0.029197
chr1 4746001 4748001 -0.011380
chr1 4748001 4750001 -0.083149
chr1 4750001 4752001 0.084371
chr1 4752001 4754001 0.085048
chr1 4754001 4756001 0.011024
chr1 4756001 4758001 -0.030037
chr1 4758001 4760001 -0.032110
chr1 4760001 4762001 -0.033740
chr1 4762001 4764001 -0.015504
chr1 4764001 4766001 0.083782
chr1 4766001 4768001 0.072626
chr1 4768001 4770001 -0.059265
chr1 4770001 4772001 -0.000756
chr1 4772001 4774001 0.000000
chr1 4774001 4776001 0.011565
chr1 4776001 4778001 -0.064337
chr1 4778001 4780001 0.043277
chr1 4780001 4782001 -0.000719
chr1 4782001 4784001 -0.010294
chr1 4784001 4786001 -0.032950
chr1 4786001 4788001 -0.003072
chr1 4788001 4790001 0.046647
chr1 4790001 4792001 -0.010370
chr1 4792001 4794001 0.038607
chr1 4794001 4796001 -0.008277
chr1 4796001 4798001 -0.018342
chr1 4798001 4800001 -0.021084
chr1 4800001 4802001 0.030913
chr1 4802001 4804001 -0.006823
chr1 4804001 4806001 -0.038375
chr1 4806001 4808001 -0.045818
chr1 4808001 4810001 -0.047896
chr1 4810001 4812001 -0.041575
chr1 4812001 4814001 0.017490
chr1 4814001 4816001 -0.015730
chr1 4816001 4818001 -0.051658
chr1 4818001 4820001 -0.016616
chr1 4820001 4822001 0.007519
chr1 4822001 4824001 0.003891
chr1 4824001 4826001 -0.013087
chr1 4826001 4828001 -0.048048
chr1 4828001 4830001 0.032984
chr1 4830001 4832001 -0.049155
chr1 4832001 4834001 0.008746
chr1 4834001 4836001 0.027299
chr1 4836001 4838001 0.048961
chr1 4838001 4840001 -0.048855
chr1 4840001 4842001 -0.030722
chr1 4842001 4844001 0.020313
chr1 4844001 4846001 -0.083207
chr1 4846001 4848001 -0.364177
chr1 4848001 4850001 -0.141538
chr1 4850001 4852001 -0.057632
chr1 4852001 4854001 -0.066667
chr1 4854001 4856001 -0.050926
chr1 4856001 4858001 -0.018868
chr1 4858001 4860001 0.050000
chr1 4860001 4862001 0.206158
chr1 4862001 4864001 0.105155
chr1 4864001 4866001 -0.000757
chr1 4866001 4868001 0.004511
chr1 4868001 4870001 0.026154
chr1 4870001 4872001 0.003797
chr1 4872001 4874001 0.010989
chr1 4874001 4876001 -0.026549
chr1 4876001 4878001 -0.027116
chr1 4878001 4880001 -0.073052
chr1 4880001 4882001 -0.192416
chr1 4882001 4884001 -0.060403
chr1 4884001 4886001 -0.061767
chr1 4886001 4888001 -0.025641
chr1 4888001 4890001 0.000000
chr1 4890001 4892001 -0.059803
chr1 4892001 4894001 0.026403
chr1 4894001 4896001 -0.072868
chr1 4896001 4898001 0.035599
chr1 4898001 4900001 -0.038311
chr1 4900001 4902001 -0.064179
chr1 4902001 4904001 -0.145833
chr1 4904001 4906001 -0.138418
chr1 4906001 4908001 -0.045528
chr1 4908001 4910001 -0.019259
chr1 4910001 4912001 -0.056250
chr1 4912001 4914001 -0.015456
chr1 4914001 4916001 0.143251
chr1 4916001 4918001 -0.041159
chr1 4918001 4920001 -0.022087
chr1 4920001 4922001 0.027153
chr1 4922001 4924001 -0.021044
chr1 4924001 4926001 -0.056972
chr1 4926001 4928001 0.004717
chr1 4928001 4930001 -0.048951
chr1 4930001 4932001 -0.035168
chr1 4932001 4934001 -0.002237
chr1 4934001 4936001 0.054628
chr1 4936001 4938001 -0.232497
chr1 4938001 4940001 -0.126214
chr1 4940001 4942001 -0.084357
chr1 4942001 4944001 -0.031175
chr1 4944001 4946001 -0.088025
chr1 4946001 4948001 -0.010370
chr1 4948001 4950001 0.026034
chr1 4950001 4952001 -0.047619
chr1 4952001 4954001 -0.003012
chr1 4954001 4956001 -0.099112
chr1 4956001 4958001 -0.071429
chr1 4958001 4960001 -0.052553
chr1 4960001 4962001 0.029268
chr1 4962001 4964001 0.022077
chr1 4964001 4966001 -0.087394
chr1 4966001 4968001 -0.057778
chr1 4968001 4970001 -0.028440
chr1 4970001 4972001 0.008000
chr1 4972001 4974001 0.019011
chr1 4974001 4976001 0.000754
chr1 4976001 4978001 0.108067
chr1 4978001 4980001 -0.007752
chr1 4980001 4982001 -0.026154
chr1 4982001 4984001 0.007004
chr1 4984001 4986001 -0.053492
chr1 4986001 4988001 0.036805
chr1 4988001 4990001 -0.033898
chr1 4990001 4992001 -0.046948
chr1 4992001 4994001 0.000000
chr1 4994001 4996001 -0.013960
chr1 4996001 4998001 0.033033
chr1 4998001 5000001 0.065253
chr1 5000001 5002001 -0.060966
chr1 5002001 5004001 -0.066256
chr1 5004001 5006001 -0.016155
chr1 5006001 5008001 -0.024741
chr1 5008001 5010001 -0.102100
chr1 5010001 5012001 -0.012734
chr1 5012001 5014001 0.006875
chr1 5014001 5016001 0.020124
chr1 5016001 5018001 -0.002967
chr1 5018001 5020001 0.096154
chr1 5020001 5022001 0.099162
chr1 5022001 5024001 -0.007048
chr1 5024001 5026001 -0.094972
chr1 5026001 5028001 0.062449
chr1 5028001 5030001 -0.081037
chr1 5030001 5032001 -0.091208
chr1 5032001 5034001 0.017843
chr1 5034001 5036001 0.079660
chr1 5036001 5038001 -0.015974
chr1 5038001 5040001 0.052109
chr1 5040001 5042001 0.040258
chr1 5042001 5044001 0.064894
chr1 5044001 5046001 0.032006
chr1 5046001 5048001 0.085236
chr1 5048001 5050001 -0.223061
chr1 5050001 5052001 0.025758
chr1 5052001 5054001 0.016897
chr1 5054001 5056001 0.016176
chr1 5056001 5058001 0.074850
chr1 5058001 5060001 0.050691
chr1 5060001 5062001 0.044928
chr1 5062001 5064001 0.003668
chr1 5064001 5066001 0.041509
chr1 5066001 5068001 0.061103
chr1 5068001 5070001 0.063830
chr1 5070001 5072001 0.072600
chr1 5072001 5074001 0.027331
chr1 5074001 5076001 0.029065
chr1 5076001 5078001 -0.001527
chr1 5078001 5080001 -0.052476
chr1 5080001 5082001 -0.071023
chr1 5082001 5084001 -0.021757
chr1 5084001 5086001 0.018519
chr1 5086001 5088001 0.063209
chr1 5088001 5090001 0.037531
chr1 5090001 5092001 -0.083945
chr1 5092001 5094001 0.011940
chr1 5094001 5096001 0.023256
chr1 5096001 5098001 0.010425
chr1 5098001 5100001 0.030303
chr1 5100001 5102001 0.064516
chr1 5102001 5104001 0.059942
chr1 5104001 5106001 0.015798
chr1 5106001 5108001 -0.066236
chr1 5108001 5110001 -0.046840
chr1 5110001 5112001 -0.021962
chr1 5112001 5114001 -0.073131
chr1 5114001 5116001 0.017004
chr1 5116001 5118001 -0.109091
chr1 5118001 5120001 -0.046863
chr1 5120001 5122001 -0.058642
chr1 5122001 5124001 -0.024314
chr1 5124001 5126001 -0.085188
chr1 5126001 5128001 -0.046910
chr1 5128001 5130001 0.011730
chr1 5130001 5132001 -0.053599
chr1 5132001 5134001 -0.049888
chr1 5134001 5136001 -0.066372
chr1 5136001 5138001 0.010558
chr1 5138001 5140001 -0.056096
chr1 5140001 5142001 -0.056948
chr1 5142001 5144001 -0.025842
chr1 5144001 5146001 0.022971
chr1 5146001 5148001 0.070175
chr1 5148001 5150001 -0.017831
chr1 5150001 5152001 -0.055882
chr1 5152001 5154001 -0.054878
chr1 5154001 5156001 -0.037975
chr1 5156001 5158001 0.056633
chr1 5158001 5160001 0.003701
chr1 5160001 5162001 -0.002201
chr1 5162001 5164001 -0.085032
chr1 5164001 5166001 0.003797
chr1 5166001 5168001 -0.009931
chr1 5168001 5170001 -0.006682
chr1 5170001 5172001 -0.045732
chr1 5172001 5174001 -0.068807
chr1 5174001 5176001 -0.022677
chr1 5176001 5178001 0.003855
chr1 5178001 5180001 -0.052632
chr1 5180001 5182001 -0.048041
chr1 5182001 5184001 -0.019908
chr1 5184001 5186001 -0.035857
chr1 5186001 5188001 0.022998
chr1 5188001 5190001 -0.053637
chr1 5190001 5192001 -0.044952
chr1 5192001 5194001 -0.018477
chr1 5194001 5196001 -0.091716
chr1 5196001 5198001 -0.103100
chr1 5198001 5200001 -0.041014
chr1 5200001 5202001 -0.075093
chr1 5202001 5204001 -0.004444
chr1 5204001 5206001 -0.035061
chr1 5206001 5208001 -0.052015
chr1 5208001 5210001 -0.009077
chr1 5210001 5212001 -0.038123
chr1 5212001 5214001 -0.009036
chr1 5214001 5216001 -0.026786
chr1 5216001 5218001 -0.038462
chr1 5218001 5220001 0.001479
chr1 5220001 5222001 -0.026786
chr1 5222001 5224001 -0.046910
chr1 5224001 5226001 -0.003712
chr1 5226001 5228001 0.065292
chr1 5228001 5230001 -0.020408
chr1 5230001 5232001 -0.070379
chr1 5232001 5234001 -0.017134
chr1 5234001 5236001 0.048839
chr1 5236001 5238001 -0.054163
chr1 5238001 5240001 0.008117
chr1 5240001 5242001 -0.120843
chr1 5242001 5244001 -0.052870
chr1 5244001 5246001 -0.053954
chr1 5246001 5248001 -0.030348
chr1 5248001 5250001 0.033708
chr1 5250001 5252001 -0.006126
chr1 5252001 5254001 0.050279
chr1 5254001 5256001 0.013107
chr1 5256001 5258001 -0.029213
chr1 5258001 5260001 0.037606
chr1 5260001 5262001 -0.042603
chr1 5262001 5264001 -0.014786
chr1 5264001 5266001 0.034430
chr1 5266001 5268001 0.015261
chr1 5268001 5270001 -0.016820
chr1 5270001 5272001 -0.023923
chr1 5272001 5274001 0.052244
chr1 5274001 5276001 -0.059195
chr1 5276001 5278001 -0.050382
chr1 5278001 5280001 -0.020408
chr1 5280001 5282001 -0.014903
chr1 5282001 5284001 -0.059382
chr1 5284001 5286001 -0.011852
chr1 5286001 5288001 -0.031915
chr1 5288001 5290001 -0.038073
chr1 5290001 5292001 -0.028483
chr1 5292001 5294001 -0.017544
chr1 5294001 5296001 0.008277
chr1 5296001 5298001 -0.100741
chr1 5298001 5300001 0.031949
chr1 5300001 5302001 0.021084
chr1 5302001 5304001 0.007623
chr1 5304001 5306001 -0.014672
chr1 5306001 5308001 0.012010
chr1 5308001 5310001 -0.071964
chr1 5310001 5312001 0.005283
chr1 5312001 5314001 0.022901
chr1 5314001 5316001 0.023718
chr1 5316001 5318001 -0.020927
chr1 5318001 5320001 -0.038179
chr1 5320001 5322001 -0.036925
chr1 5322001 5324001 -0.040123
chr1 5324001 5326001 -0.009464
chr1 5326001 5328001 -0.031915
chr1 5328001 5330001 -0.000746
chr1 5330001 5332001 -0.000770
chr1 5332001 5334001 0.003130
chr1 5334001 5336001 0.039566
chr1 5336001 5338001 0.008850
chr1 5338001 5340001 -0.026455
chr1 5340001 5342001 -0.022901
chr1 5342001 5344001 -0.144050
chr1 5344001 5346001 0.017657
chr1 5346001 5348001 0.023256
chr1 5348001 5350001 -0.028689
chr1 5350001 5352001 -0.016899
chr1 5352001 5354001 -0.048817
chr1 5354001 5356001 -0.032502
chr1 5356001 5358001 -0.045383
chr1 5358001 5360001 -0.043997
chr1 5360001 5362001 0.022255
chr1 5362001 5364001 0.029654
chr1 5364001 5366001 -0.063291
chr1 5366001 5368001 -0.058289
chr1 5368001 5370001 0.014740
chr1 5370001 5372001 -0.070552
chr1 5372001 5374001 0.027347
chr1 5374001 5376001 -0.070485
chr1 5376001 5378001 -0.026902
chr1 5378001 5380001 -0.131236
chr1 5380001 5382001 0.000000
chr1 5382001 5384001 0.010558
chr1 5384001 5386001 -0.024906
chr1 5386001 5388001 0.012658
chr1 5388001 5390001 0.006033
chr1 5390001 5392001 0.033588
chr1 5392001 5394001 -0.058026
chr1 5394001 5396001 -0.065549
chr1 5396001 5398001 0.021053
chr1 5398001 5400001 -0.045952
chr1 5400001 5402001 -0.020595
chr1 5402001 5404001 -0.043611
chr1 5404001 5406001 -0.062696
chr1 5406001 5408001 -0.071482
chr1 5408001 5410001 -0.034483
chr1 5410001 5412001 0.010846
chr1 5412001 5414001 -0.048632
chr1 5414001 5416001 -0.079341
chr1 5416001 5418001 -0.054217
chr1 5418001 5420001 -0.044289
chr1 5420001 5422001 -0.008560
chr1 5422001 5424001 0.028892
chr1 5424001 5426001 -0.076198
chr1 5426001 5428001 -0.006672
chr1 5428001 5430001 0.029549
chr1 5430001 5432001 0.087320
chr1 5432001 5434001 0.039820
chr1 5434001 5436001 0.060150
chr1 5436001 5438001 0.083200
chr1 5438001 5440001 -0.076443
chr1 5440001 5442001 0.074897
chr1 5442001 5444001 -0.212721
chr1 5444001 5446001 0.027844
chr1 5446001 5448001 -0.027642
chr1 5448001 5450001 0.017256
chr1 5450001 5452001 0.032659
chr1 5452001 5454001 -0.018838
chr1 5454001 5456001 -0.007937
chr1 5456001 5458001 -0.001580
chr1 5458001 5460001 0.028340
chr1 5460001 5462001 -0.026616
chr1 5462001 5464001 -0.012384
chr1 5464001 5466001 0.035803
chr1 5466001 5468001 -0.004823
chr1 5468001 5470001 -0.036378
chr1 5470001 5472001 -0.034314
chr1 5472001 5474001 0.024609
chr1 5474001 5476001 -0.009231
chr1 5476001 5478001 -0.071429
chr1 5478001 5480001 -0.012987
chr1 5480001 5482001 -0.018293
chr1 5482001 5484001 -0.008215
chr1 5484001 5486001 -0.071318
chr1 5486001 5488001 -0.025326
chr1 5488001 5490001 -0.014672
chr1 5490001 5492001 -0.010671
chr1 5492001 5494001 -0.073282
chr1 5494001 5496001 -0.061074
chr1 5496001 5498001 0.024077
chr1 5498001 5500001 0.020155
chr1 5500001 5502001 -0.071207
chr1 5502001 5504001 -0.000728
chr1 5504001 5506001 -0.079764
chr1 5506001 5508001 -0.007897
chr1 5508001 5510001 -0.075054
chr1 5510001 5512001 -0.039648
chr1 5512001 5514001 -0.034277
chr1 5514001 5516001 0.056402
chr1 5516001 5518001 -0.106827
chr1 5518001 5520001 0.016875
chr1 5520001 5522001 0.087474
chr1 5522001 5524001 0.173996
chr1 5524001 5526001 -0.011390
chr1 5526001 5528001 -0.010189
chr1 5528001 5530001 -0.020231
chr1 5530001 5532001 0.011338
chr1 5532001 5534001 0.051685
chr1 5534001 5536001 -0.035982
chr1 5536001 5538001 -0.059633
chr1 5538001 5540001 -0.103245
chr1 5540001 5542001 0.005212
chr1 5542001 5544001 0.034208
chr1 5544001 5546001 -0.077818
chr1 5546001 5548001 -0.032934
chr1 5548001 5550001 -0.043807
chr1 5550001 5552001 -0.023364
chr1 5552001 5554001 -0.003762
chr1 5554001 5556001 -0.046757
chr1 5556001 5558001 -0.067735
chr1 5558001 5560001 -0.002928
chr1 5560001 5562001 -0.064470
chr1 5562001 5564001 -0.027692
chr1 5564001 5566001 -0.043745
chr1 5566001 5568001 -0.012698
chr1 5568001 5570001 -0.032900
chr1 5570001 5572001 0.013867
chr1 5572001 5574001 0.050459
chr1 5574001 5576001 -0.011169
chr1 5576001 5578001 -0.030977
chr1 5578001 5580001 -0.007059
chr1 5580001 5582001 -0.066667
chr1 5582001 5584001 -0.038251
chr1 5584001 5586001 -0.012195
chr1 5586001 5588001 -0.003311
chr1 5588001 5590001 -0.015410
chr1 5590001 5592001 0.032558
chr1 5592001 5594001 0.034056
chr1 5594001 5596001 -0.123483
chr1 5596001 5598001 -0.020376
chr1 5598001 5600001 0.003785
chr1 5600001 5602001 -0.003190
chr1 5602001 5604001 -0.017433
chr1 5604001 5606001 -0.022436
chr1 5606001 5608001 -0.139629
chr1 5608001 5610001 0.008821
chr1 5610001 5612001 -0.063994
chr1 5612001 5614001 -0.036323
chr1 5614001 5616001 -0.111272
chr1 5616001 5618001 -0.008850
chr1 5618001 5620001 -0.083395
chr1 5620001 5622001 -0.070485
chr1 5622001 5624001 -0.007837
chr1 5624001 5626001 -0.059561
chr1 5626001 5628001 -0.067278
chr1 5628001 5630001 -0.090196
chr1 5630001 5631606 -0.078947