os1 1 10001 62.700000
os1 10001 20001 66.530000
os1 20001 30001 65.380000
os1 30001 40001 65.560000
os1 40001 50001 66.780000
os1 50001 60001 65.560000
os1 60001 70001 65.490000
os1 70001 80001 64.810000
os1 80001 90001 68.780000
os1 90001 100001 64.070000
os1 100001 110001 65.070000
os1 110001 120001 67.230000
os1 120001 130001 66.480000
os1 130001 140001 62.490000
os1 140001 150001 65.440000
os1 150001 160001 64.010000
os1 160001 170001 63.280000
os1 170001 180001 64.570000
os1 180001 190001 65.990000
os1 190001 200001 67.130000
os1 200001 210001 65.530000
os1 210001 220001 68.470000
os1 220001 230001 67.960000
os1 230001 240001 63.220000
os1 240001 250001 63.850000
os1 250001 260001 64.010000
os1 260001 270001 63.720000
os1 270001 280001 64.780000
os1 280001 290001 65.810000
os1 290001 300001 67.430000
os1 300001 310001 65.360000
os1 310001 320001 64.500000
os1 320001 330001 63.970000
os1 330001 340001 65.110000
os1 340001 350001 64.550000
os1 350001 360001 64.830000
os1 360001 370001 66.600000
os1 370001 380001 66.630000
os1 380001 390001 64.350000
os1 390001 400001 65.240000
os1 400001 410001 67.900000
os1 410001 420001 64.970000
os1 420001 430001 66.490000
os1 430001 440001 67.040000
os1 440001 450001 66.160000
os1 450001 460001 64.500000
os1 460001 470001 64.800000
os1 470001 480001 67.600000
os1 480001 490001 64.900000
os1 490001 500001 66.110000
os1 500001 510001 65.780000
os1 510001 520001 65.210000
os1 520001 530001 63.760000
os1 530001 540001 61.260000
os1 540001 550001 64.100000
os1 550001 560001 66.750000
os1 560001 570001 65.820000
os1 570001 580001 68.300000
os1 580001 590001 65.530000
os1 590001 600001 67.590000
os1 600001 610001 65.610000
os1 610001 620001 63.670000
os1 620001 630001 62.510000
os1 630001 640001 64.560000
os1 640001 650001 67.720000
os1 650001 660001 67.460000
os1 660001 670001 68.480000
os1 670001 680001 68.210000
os1 680001 690001 65.530000
os1 690001 700001 65.640000
os1 700001 710001 64.650000
os1 710001 720001 65.570000
os1 720001 730001 70.260000
os1 730001 740001 65.440000
os1 740001 750001 68.630000
os1 750001 760001 63.970000
os1 760001 770001 64.910000
os1 770001 780001 69.480000
os1 780001 790001 64.470000
os1 790001 800001 66.210000
os1 800001 810001 64.120000
os1 810001 820001 64.890000
os1 820001 830001 64.420000
os1 830001 840001 63.740000
os1 840001 850001 64.200000
os1 850001 860001 66.930000
os1 860001 870001 66.650000
os1 870001 880001 66.340000
os1 880001 890001 65.930000
os1 890001 900001 67.390000
os1 900001 910001 67.880000
os1 910001 920001 66.310000
os1 920001 930001 66.950000
os1 930001 940001 64.000000
os1 940001 950001 66.400000
os1 950001 960001 66.660000
os1 960001 970001 66.200000
os1 970001 980001 63.980000
os1 980001 990001 65.380000
os1 990001 1000001 64.560000
os1 1000001 1010001 67.150000
os1 1010001 1020001 62.150000
os1 1020001 1030001 65.090000
os1 1030001 1040001 67.280000
os1 1040001 1050001 64.690000
os1 1050001 1060001 63.690000
os1 1060001 1070001 64.320000
os1 1070001 1080001 65.120000
os1 1080001 1090001 65.320000
os1 1090001 1100001 65.040000
os1 1100001 1110001 67.040000
os1 1110001 1120001 65.930000
os1 1120001 1130001 64.830000
os1 1130001 1140001 66.170000
os1 1140001 1150001 69.860000
os1 1150001 1160001 66.610000
os1 1160001 1170001 67.210000
os1 1170001 1180001 65.460000
os1 1180001 1190001 66.850000
os1 1190001 1200001 63.420000
os1 1200001 1210001 68.440000
os1 1210001 1220001 63.580000
os1 1220001 1230001 65.850000
os1 1230001 1240001 67.800000
os1 1240001 1250001 67.900000
os1 1250001 1260001 65.360000
os1 1260001 1270001 64.190000
os1 1270001 1280001 65.380000
os1 1280001 1290001 65.190000
os1 1290001 1300001 66.000000
os1 1300001 1310001 66.410000
os1 1310001 1320001 66.090000
os1 1320001 1330001 63.290000
os1 1330001 1340001 64.010000
os1 1340001 1350001 65.950000
os1 1350001 1360001 67.080000
os1 1360001 1370001 62.780000
os1 1370001 1380001 63.750000
os1 1380001 1390001 66.850000
os1 1390001 1400001 65.850000
os1 1400001 1410001 65.070000
os1 1410001 1420001 68.600000
os1 1420001 1430001 68.060000
os1 1430001 1440001 65.750000
os1 1440001 1450001 68.630000
os1 1450001 1460001 64.920000
os1 1460001 1470001 60.940000
os1 1470001 1480001 66.460000
os1 1480001 1490001 66.590000
os1 1490001 1500001 68.190000
os1 1500001 1510001 67.310000
os1 1510001 1520001 62.350000
os1 1520001 1530001 63.340000
os1 1530001 1540001 67.250000
os1 1540001 1550001 68.070000
os1 1550001 1560001 65.800000
os1 1560001 1570001 69.880000
os1 1570001 1580001 65.900000
os1 1580001 1590001 63.890000
os1 1590001 1600001 62.850000
os1 1600001 1610001 65.210000
os1 1610001 1620001 65.030000
os1 1620001 1630001 67.290000
os1 1630001 1640001 63.840000
os1 1640001 1650001 61.620000
os1 1650001 1660001 62.790000
os1 1660001 1670001 65.580000
os1 1670001 1680001 63.980000
os1 1680001 1690001 64.890000
os1 1690001 1700001 65.870000
os1 1700001 1710001 65.340000
os1 1710001 1720001 64.600000
os1 1720001 1730001 64.110000
os1 1730001 1740001 65.280000
os1 1740001 1750001 63.630000
os1 1750001 1760001 64.290000
os1 1760001 1770001 65.590000
os1 1770001 1780001 64.360000
os1 1780001 1790001 63.720000
os1 1790001 1800001 63.270000
os1 1800001 1810001 66.150000
os1 1810001 1820001 66.920000
os1 1820001 1830001 64.940000
os1 1830001 1840001 66.050000
os1 1840001 1850001 66.790000
os1 1850001 1860001 67.110000
os1 1860001 1870001 64.580000
os1 1870001 1880001 63.920000
os1 1880001 1890001 63.930000
os1 1890001 1900001 70.190000
os1 1900001 1910001 65.560000
os1 1910001 1920001 66.220000
os1 1920001 1930001 65.720000
os1 1930001 1940001 67.050000
os1 1940001 1950001 68.170000
os1 1950001 1960001 65.490000
os1 1960001 1970001 65.800000
os1 1970001 1980001 65.870000
os1 1980001 1990001 65.250000
os1 1990001 2000001 66.320000
os1 2000001 2010001 65.980000
os1 2010001 2020001 64.520000
os1 2020001 2030001 64.680000
os1 2030001 2040001 67.120000
os1 2040001 2050001 62.750000
os1 2050001 2060001 65.290000
os1 2060001 2070001 65.550000
os1 2070001 2080001 62.070000
os1 2080001 2090001 64.110000
os1 2090001 2100001 66.590000
os1 2100001 2110001 67.160000
os1 2110001 2120001 65.160000
os1 2120001 2130001 68.030000
os1 2130001 2140001 65.590000
os1 2140001 2150001 65.280000
os1 2150001 2160001 66.110000
os1 2160001 2170001 63.770000
os1 2170001 2180001 63.590000
os1 2180001 2190001 67.300000
os1 2190001 2200001 66.380000
os1 2200001 2210001 65.240000
os1 2210001 2220001 64.750000
os1 2220001 2230001 66.530000
os1 2230001 2240001 65.660000
os1 2240001 2250001 66.920000
os1 2250001 2260001 66.900000
os1 2260001 2270001 65.080000
os1 2270001 2280001 65.510000
os1 2280001 2290001 67.360000
os1 2290001 2300001 66.950000
os1 2300001 2310001 66.600000
os1 2310001 2320001 66.630000
os1 2320001 2330001 63.700000
os1 2330001 2340001 66.210000
os1 2340001 2350001 64.030000
os1 2350001 2360001 65.440000
os1 2360001 2370001 67.060000
os1 2370001 2380001 65.820000
os1 2380001 2390001 65.430000
os1 2390001 2400001 64.900000
os1 2400001 2410001 65.540000
os1 2410001 2420001 64.640000
os1 2420001 2430001 65.350000
os1 2430001 2440001 65.430000
os1 2440001 2450001 63.310000
os1 2450001 2460001 66.350000
os1 2460001 2470001 68.730000
os1 2470001 2480001 64.910000
os1 2480001 2490001 63.630000
os1 2490001 2500001 63.570000
os1 2500001 2510001 65.400000
os1 2510001 2520001 66.470000
os1 2520001 2530001 67.510000
os1 2530001 2540001 67.690000
os1 2540001 2550001 67.130000
os1 2550001 2560001 66.910000
os1 2560001 2570001 65.290000
os1 2570001 2580001 64.930000
os1 2580001 2590001 65.250000
os1 2590001 2600001 65.990000
os1 2600001 2610001 66.060000
os1 2610001 2620001 64.340000
os1 2620001 2630001 62.760000
os1 2630001 2640001 64.220000
os1 2640001 2650001 67.470000
os1 2650001 2660001 65.470000
os1 2660001 2670001 62.850000
os1 2670001 2680001 62.320000
os1 2680001 2690001 62.380000
os1 2690001 2700001 64.770000
os1 2700001 2710001 65.210000
os1 2710001 2720001 64.650000
os1 2720001 2730001 66.370000
os1 2730001 2740001 65.900000
os1 2740001 2750001 63.990000
os1 2750001 2760001 66.310000
os1 2760001 2770001 64.780000
os1 2770001 2780001 68.830000
os1 2780001 2790001 65.510000
os1 2790001 2800001 65.650000
os1 2800001 2810001 65.320000
os1 2810001 2820001 65.420000
os1 2820001 2830001 66.570000
os1 2830001 2840001 66.480000
os1 2840001 2850001 65.140000
os1 2850001 2860001 66.010000
os1 2860001 2870001 65.320000
os1 2870001 2880001 66.420000
os1 2880001 2890001 64.640000
os1 2890001 2900001 63.550000
os1 2900001 2910001 66.620000
os1 2910001 2920001 67.880000
os1 2920001 2930001 65.280000
os1 2930001 2940001 66.880000
os1 2940001 2950001 67.280000
os1 2950001 2960001 65.900000
os1 2960001 2970001 66.970000
os1 2970001 2980001 67.370000
os1 2980001 2990001 67.790000
os1 2990001 3000001 66.340000
os1 3000001 3010001 64.930000
os1 3010001 3020001 64.110000
os1 3020001 3030001 64.640000
os1 3030001 3040001 64.800000
os1 3040001 3050001 63.140000
os1 3050001 3060001 61.430000
os1 3060001 3070001 64.220000
os1 3070001 3080001 63.560000
os1 3080001 3090001 66.030000
os1 3090001 3100001 66.000000
os1 3100001 3110001 63.810000
os1 3110001 3120001 64.740000
os1 3120001 3130001 65.230000
os1 3130001 3140001 66.740000
os1 3140001 3150001 64.450000
os1 3150001 3160001 63.770000
os1 3160001 3170001 65.270000
os1 3170001 3180001 64.710000
os1 3180001 3190001 65.770000
os1 3190001 3200001 64.530000
os1 3200001 3210001 63.890000
os1 3210001 3220001 65.050000
os1 3220001 3230001 61.950000
os1 3230001 3240001 63.470000
os1 3240001 3250001 64.230000
os1 3250001 3260001 63.090000
os1 3260001 3270001 62.520000
os1 3270001 3280001 64.070000
os1 3280001 3290001 64.310000
os1 3290001 3300001 63.750000
os1 3300001 3310001 62.630000
os1 3310001 3320001 64.020000
os1 3320001 3330001 64.600000
os1 3330001 3340001 65.880000
os1 3340001 3350001 65.220000
os1 3350001 3360001 65.690000
os1 3360001 3370001 66.810000
os1 3370001 3380001 65.370000
os1 3380001 3390001 65.180000
os1 3390001 3400001 65.650000
os1 3400001 3410001 63.940000
os1 3410001 3420001 64.870000
os1 3420001 3430001 62.410000
os1 3430001 3440001 64.410000
os1 3440001 3450001 68.070000
os1 3450001 3460001 64.910000
os1 3460001 3470001 65.600000
os1 3470001 3480001 67.320000
os1 3480001 3490001 64.390000
os1 3490001 3500001 65.450000
os1 3500001 3510001 64.080000
os1 3510001 3520001 65.140000
os1 3520001 3530001 65.020000
os1 3530001 3540001 66.970000
os1 3540001 3550001 66.230000
os1 3550001 3560001 67.270000
os1 3560001 3570001 63.860000
os1 3570001 3580001 65.410000
os1 3580001 3590001 61.060000
os1 3590001 3600001 58.920000
os1 3600001 3610001 63.150000
os1 3610001 3620001 65.990000
os1 3620001 3630001 69.110000
os1 3630001 3640001 66.650000
os1 3640001 3650001 66.580000
os1 3650001 3660001 66.650000
os1 3660001 3670001 66.340000
os1 3670001 3680001 67.640000
os1 3680001 3690001 66.430000
os1 3690001 3700001 66.500000
os1 3700001 3710001 66.410000
os1 3710001 3720001 65.550000
os1 3720001 3730001 64.670000
os1 3730001 3740001 63.940000
os1 3740001 3750001 67.260000
os1 3750001 3760001 65.790000
os1 3760001 3770001 65.110000
os1 3770001 3780001 66.050000
os1 3780001 3790001 64.450000
os1 3790001 3800001 64.870000
os1 3800001 3810001 65.950000
os1 3810001 3820001 69.060000
os1 3820001 3830001 64.630000
os1 3830001 3840001 66.390000
os1 3840001 3850001 64.380000
os1 3850001 3860001 65.740000
os1 3860001 3870001 63.070000
os1 3870001 3880001 65.800000
os1 3880001 3890001 68.820000
os1 3890001 3900001 65.840000
os1 3900001 3910001 64.470000
os1 3910001 3920001 62.670000
os1 3920001 3930001 64.830000
os1 3930001 3940001 64.990000
os1 3940001 3950001 65.160000
os1 3950001 3960001 66.380000
os1 3960001 3970001 65.060000
os1 3970001 3980001 62.130000
os1 3980001 3990001 64.030000
os1 3990001 4000001 66.490000
os1 4000001 4010001 66.370000
os1 4010001 4020001 64.650000
os1 4020001 4030001 66.400000
os1 4030001 4040001 65.640000
os1 4040001 4050001 64.780000
os1 4050001 4060001 65.060000
os1 4060001 4070001 65.650000
os1 4070001 4080001 65.940000
os1 4080001 4090001 67.630000
os1 4090001 4100001 66.090000
os1 4100001 4110001 64.990000
os1 4110001 4120001 65.470000
os1 4120001 4130001 64.700000
os1 4130001 4140001 68.220000
os1 4140001 4150001 65.370000
os1 4150001 4160001 64.630000
os1 4160001 4170001 64.860000
os1 4170001 4180001 65.870000
os1 4180001 4190001 63.880000
os1 4190001 4200001 63.670000
os1 4200001 4210001 65.190000
os1 4210001 4220001 65.330000
os1 4220001 4230001 64.380000
os1 4230001 4240001 64.220000
os1 4240001 4250001 64.190000
os1 4250001 4260001 67.970000
os1 4260001 4270001 66.090000
os1 4270001 4280001 63.230000
os1 4280001 4290001 61.910000
os1 4290001 4300001 64.690000
os1 4300001 4310001 64.160000
os1 4310001 4320001 63.120000
os1 4320001 4330001 64.320000
os1 4330001 4340001 63.690000
os1 4340001 4350001 64.410000
os1 4350001 4360001 65.290000
os1 4360001 4370001 65.050000
os1 4370001 4380001 64.340000
os1 4380001 4390001 66.560000
os1 4390001 4400001 64.770000
os1 4400001 4410001 63.520000
os1 4410001 4420001 59.350000
os1 4420001 4430001 64.120000
os1 4430001 4440001 64.420000
os1 4440001 4450001 64.280000
os1 4450001 4460001 66.360000
os1 4460001 4470001 63.570000
os1 4470001 4480001 66.020000
os1 4480001 4490001 65.570000
os1 4490001 4500001 64.040000
os1 4500001 4510001 64.250000
os1 4510001 4520001 65.720000
os1 4520001 4530001 65.680000
os1 4530001 4540001 66.510000
os1 4540001 4550001 66.050000
os1 4550001 4560001 65.830000
os1 4560001 4570001 65.470000
os1 4570001 4580001 64.320000
os1 4580001 4590001 66.420000
os1 4590001 4600001 64.750000
os1 4600001 4610001 66.090000
os1 4610001 4620001 65.560000
os1 4620001 4630001 66.920000
os1 4630001 4640001 66.360000
os1 4640001 4650001 64.490000
os1 4650001 4660001 64.460000
os1 4660001 4670001 66.340000
os1 4670001 4680001 65.840000
os1 4680001 4690001 65.930000
os1 4690001 4700001 66.400000
os1 4700001 4710001 67.710000
os1 4710001 4720001 66.100000
os1 4720001 4730001 65.490000
os1 4730001 4740001 66.590000
os1 4740001 4750001 68.850000
os1 4750001 4760001 68.470000
os1 4760001 4770001 67.490000
os1 4770001 4780001 64.890000
os1 4780001 4790001 67.300000
os1 4790001 4800001 66.910000
os1 4800001 4810001 67.920000
os1 4810001 4820001 66.420000
os1 4820001 4830001 65.800000
os1 4830001 4840001 67.240000
os1 4840001 4850001 67.170000
os1 4850001 4860001 65.470000
os1 4860001 4870001 69.000000
os1 4870001 4880001 62.830000
os1 4880001 4890001 67.080000
os1 4890001 4900001 63.380000
os1 4900001 4910001 67.760000
os1 4910001 4920001 66.510000
os1 4920001 4930001 64.650000
os1 4930001 4940001 68.200000
os1 4940001 4950001 63.890000
os1 4950001 4960001 66.300000
os1 4960001 4970001 63.970000
os1 4970001 4980001 66.210000
os1 4980001 4990001 65.060000
os1 4990001 5000001 64.970000
os1 5000001 5010001 64.330000
os1 5010001 5020001 66.360000
os1 5020001 5030001 64.290000
os1 5030001 5040001 62.600000
os1 5040001 5050001 65.730000
os1 5050001 5060001 66.200000
os1 5060001 5070001 67.730000
os1 5070001 5080001 64.610000
os1 5080001 5090001 62.700000
os1 5090001 5100001 64.140000
os1 5100001 5110001 65.810000
os1 5110001 5120001 63.970000
os1 5120001 5130001 65.810000
os1 5130001 5140001 66.680000
os1 5140001 5150001 67.280000
os1 5150001 5160001 65.760000
os1 5160001 5170001 67.590000
os1 5170001 5180001 66.710000
os1 5180001 5190001 65.360000
os1 5190001 5200001 67.900000
os1 5200001 5210001 66.940000
os1 5210001 5220001 67.400000
os1 5220001 5230001 67.630000
os1 5230001 5240001 62.950000
os1 5240001 5250001 65.960000
os1 5250001 5260001 64.940000
os1 5260001 5270001 64.360000
os1 5270001 5280001 65.130000
os1 5280001 5290001 65.580000
os1 5290001 5300001 65.410000
os1 5300001 5310001 66.490000
os1 5310001 5320001 66.420000
os1 5320001 5330001 65.480000
os1 5330001 5340001 65.450000
os1 5340001 5350001 68.330000
os1 5350001 5360001 66.550000
os1 5360001 5370001 64.360000
os1 5370001 5380001 66.230000
os1 5380001 5390001 65.210000
os1 5390001 5400001 66.500000
os1 5400001 5410001 65.280000
os1 5410001 5420001 66.500000
os1 5420001 5430001 64.390000
os1 5430001 5440001 65.100000
os1 5440001 5450001 63.340000
os1 5450001 5460001 63.210000
os1 5460001 5470001 62.890000
os1 5470001 5480001 64.060000
os1 5480001 5490001 65.390000
os1 5490001 5500001 65.170000
os1 5500001 5510001 68.110000
os1 5510001 5520001 66.240000
os1 5520001 5530001 70.730000
os1 5530001 5540001 66.560000
os1 5540001 5550001 66.350000
os1 5550001 5560001 66.780000
os1 5560001 5570001 65.660000
os1 5570001 5580001 64.830000
os1 5580001 5590001 63.240000
os1 5590001 5600001 65.800000
os1 5600001 5610001 62.500000
os1 5610001 5620001 67.410000
os1 5620001 5630001 64.970000
os1 5630001 5640001 61.519303