os1 1 10001 0.009250
os1 10001 20001 0.011273
os1 20001 30001 0.036403
os1 30001 40001 0.037828
os1 40001 50001 0.003893
os1 50001 60001 0.035082
os1 60001 70001 0.009620
os1 70001 80001 0.043666
os1 80001 90001 -0.055249
os1 90001 100001 0.005775
os1 100001 110001 -0.047180
os1 110001 120001 -0.040607
os1 120001 130001 -0.023165
os1 130001 140001 -0.024804
os1 140001 150001 -0.012836
os1 150001 160001 -0.030464
os1 160001 170001 -0.014855
os1 170001 180001 -0.015952
os1 180001 190001 -0.028641
os1 190001 200001 -0.057053
os1 200001 210001 -0.026400
os1 210001 220001 0.070542
os1 220001 230001 -0.069158
os1 230001 240001 -0.004113
os1 240001 250001 -0.009867
os1 250001 260001 -0.059522
os1 260001 270001 0.014752
os1 270001 280001 -0.054029
os1 280001 290001 -0.025680
os1 290001 300001 -0.054130
os1 300001 310001 -0.044064
os1 310001 320001 -0.015194
os1 320001 330001 -0.014538
os1 330001 340001 -0.043158
os1 340001 350001 -0.034237
os1 350001 360001 -0.022366
os1 360001 370001 -0.040240
os1 370001 380001 -0.023863
os1 380001 390001 -0.035897
os1 390001 400001 -0.022379
os1 400001 410001 0.048012
os1 410001 420001 0.022934
os1 420001 430001 0.023913
os1 430001 440001 -0.010143
os1 440001 450001 0.032346
os1 450001 460001 0.040620
os1 460001 470001 -0.009259
os1 470001 480001 0.023373
os1 480001 490001 -0.011094
os1 490001 500001 0.069732
os1 500001 510001 0.052600
os1 510001 520001 -0.003220
os1 520001 530001 -0.040778
os1 530001 540001 -0.013712
os1 540001 550001 -0.034633
os1 550001 560001 0.004644
os1 560001 570001 0.003646
os1 570001 580001 0.033675
os1 580001 590001 0.014497
os1 590001 600001 0.083888
os1 600001 610001 0.040085
os1 610001 620001 0.094707
os1 620001 630001 0.042073
os1 630001 640001 0.047088
os1 640001 650001 0.031305
os1 650001 660001 0.016009
os1 660001 670001 0.001168
os1 670001 680001 -0.005131
os1 680001 690001 0.009919
os1 690001 700001 0.002133
os1 700001 710001 0.044393
os1 710001 720001 0.005033
os1 720001 730001 -0.051238
os1 730001 740001 0.010086
os1 740001 750001 0.006557
os1 750001 760001 0.027044
os1 760001 770001 0.010938
os1 770001 780001 0.089234
os1 780001 790001 0.022181
os1 790001 800001 0.037910
os1 800001 810001 0.048659
os1 810001 820001 0.051318
os1 820001 830001 0.042223
os1 830001 840001 0.031064
os1 840001 850001 0.007788
os1 850001 860001 0.042283
os1 860001 870001 0.034359
os1 870001 880001 0.022912
os1 880001 890001 0.032914
os1 890001 900001 0.044369
os1 900001 910001 0.026517
os1 910001 920001 0.020359
os1 920001 930001 0.044063
os1 930001 940001 0.000313
os1 940001 950001 0.039157
os1 950001 960001 0.047705
os1 960001 970001 0.044109
os1 970001 980001 0.015317
os1 980001 990001 0.017131
os1 990001 1000001 0.045539
os1 1000001 1010001 0.049293
os1 1010001 1020001 -0.007884
os1 1020001 1030001 0.158703
os1 1030001 1040001 0.038347
os1 1040001 1050001 0.047766
os1 1050001 1060001 0.066415
os1 1060001 1070001 0.026741
os1 1070001 1080001 0.053133
os1 1080001 1090001 0.042866
os1 1090001 1100001 0.054736
os1 1100001 1110001 0.014320
os1 1110001 1120001 0.021083
os1 1120001 1130001 -0.032547
os1 1130001 1140001 0.022518
os1 1140001 1150001 -0.026052
os1 1150001 1160001 0.005254
os1 1160001 1170001 0.023657
os1 1170001 1180001 0.026276
os1 1180001 1190001 0.031264
os1 1190001 1200001 0.000946
os1 1200001 1210001 -0.021333
os1 1210001 1220001 0.027367
os1 1220001 1230001 0.055429
os1 1230001 1240001 0.066962
os1 1240001 1250001 0.019440
os1 1250001 1260001 0.020808
os1 1260001 1270001 0.023212
os1 1270001 1280001 -0.000612
os1 1280001 1290001 0.039730
os1 1290001 1300001 0.003939
os1 1300001 1310001 0.042915
os1 1310001 1320001 0.011651
os1 1320001 1330001 0.030495
os1 1330001 1340001 0.027027
os1 1340001 1350001 0.067475
os1 1350001 1360001 0.026237
os1 1360001 1370001 0.016247
os1 1370001 1380001 0.020549
os1 1380001 1390001 0.010621
os1 1390001 1400001 0.020197
os1 1400001 1410001 0.020440
os1 1410001 1420001 0.052187
os1 1420001 1430001 0.045548
os1 1430001 1440001 -0.005323
os1 1440001 1450001 -0.016174
os1 1450001 1460001 0.004313
os1 1460001 1470001 0.077125
os1 1470001 1480001 -0.012940
os1 1480001 1490001 0.025379
os1 1490001 1500001 -0.019211
os1 1500001 1510001 0.013520
os1 1510001 1520001 0.002085
os1 1520001 1530001 0.039154
os1 1530001 1540001 0.040000
os1 1540001 1550001 -0.000147
os1 1550001 1560001 0.011246
os1 1560001 1570001 0.031769
os1 1570001 1580001 0.081032
os1 1580001 1590001 0.018939
os1 1590001 1600001 0.046619
os1 1600001 1610001 0.024996
os1 1610001 1620001 0.026296
os1 1620001 1630001 0.022143
os1 1630001 1640001 0.026003
os1 1640001 1650001 0.013957
os1 1650001 1660001 0.003344
os1 1660001 1670001 0.031412
os1 1670001 1680001 0.045639
os1 1680001 1690001 0.050393
os1 1690001 1700001 0.049643
os1 1700001 1710001 0.064279
os1 1710001 1720001 -0.006811
os1 1720001 1730001 0.084074
os1 1730001 1740001 0.023284
os1 1740001 1750001 0.015244
os1 1750001 1760001 0.056152
os1 1760001 1770001 0.021497
os1 1770001 1780001 0.033872
os1 1780001 1790001 0.017577
os1 1790001 1800001 0.039355
os1 1800001 1810001 0.098110
os1 1810001 1820001 0.105200
os1 1820001 1830001 0.050508
os1 1830001 1840001 0.000454
os1 1840001 1850001 -0.000150
os1 1850001 1860001 0.040083
os1 1860001 1870001 0.034995
os1 1870001 1880001 0.056633
os1 1880001 1890001 0.006726
os1 1890001 1900001 -0.028637
os1 1900001 1910001 0.035692
os1 1910001 1920001 0.043189
os1 1920001 1930001 -0.003652
os1 1930001 1940001 0.024310
os1 1940001 1950001 0.038580
os1 1950001 1960001 0.019698
os1 1960001 1970001 0.025228
os1 1970001 1980001 0.049036
os1 1980001 1990001 0.055632
os1 1990001 2000001 0.040410
os1 2000001 2010001 0.052440
os1 2010001 2020001 0.001860
os1 2020001 2030001 0.046073
os1 2030001 2040001 -0.026520
os1 2040001 2050001 0.016096
os1 2050001 2060001 0.001378
os1 2060001 2070001 0.011137
os1 2070001 2080001 -0.014983
os1 2080001 2090001 -0.003276
os1 2090001 2100001 0.068028
os1 2100001 2110001 0.010423
os1 2110001 2120001 0.008594
os1 2120001 2130001 0.027488
os1 2130001 2140001 0.031255
os1 2140001 2150001 -0.009498
os1 2150001 2160001 0.034034
os1 2160001 2170001 0.045633
os1 2170001 2180001 0.016198
os1 2180001 2190001 0.046657
os1 2190001 2200001 0.038566
os1 2200001 2210001 0.053035
os1 2210001 2220001 0.091892
os1 2220001 2230001 0.044040
os1 2230001 2240001 0.049650
os1 2240001 2250001 0.011357
os1 2250001 2260001 0.040359
os1 2260001 2270001 0.055009
os1 2270001 2280001 0.065486
os1 2280001 2290001 0.050475
os1 2290001 2300001 0.015982
os1 2300001 2310001 0.060961
os1 2310001 2320001 0.029266
os1 2320001 2330001 0.056201
os1 2330001 2340001 0.045159
os1 2340001 2350001 0.063876
os1 2350001 2360001 0.050733
os1 2360001 2370001 0.040262
os1 2370001 2380001 0.054391
os1 2380001 2390001 0.057313
os1 2390001 2400001 0.020031
os1 2400001 2410001 0.054928
os1 2410001 2420001 0.050433
os1 2420001 2430001 0.043917
os1 2430001 2440001 0.021550
os1 2440001 2450001 0.022271
os1 2450001 2460001 -0.033308
os1 2460001 2470001 0.037684
os1 2470001 2480001 0.024187
os1 2480001 2490001 -0.017445
os1 2490001 2500001 -0.082586
os1 2500001 2510001 -0.076758
os1 2510001 2520001 -0.027531
os1 2520001 2530001 -0.085469
os1 2530001 2540001 -0.081401
os1 2540001 2550001 -0.040072
os1 2550001 2560001 0.010312
os1 2560001 2570001 -0.005667
os1 2570001 2580001 -0.012167
os1 2580001 2590001 -0.019464
os1 2590001 2600001 -0.017427
os1 2600001 2610001 -0.023009
os1 2610001 2620001 -0.031396
os1 2620001 2630001 -0.135755
os1 2630001 2640001 -0.146060
os1 2640001 2650001 -0.092041
os1 2650001 2660001 -0.032229
os1 2660001 2670001 -0.012570
os1 2670001 2680001 -0.027920
os1 2680001 2690001 -0.024367
os1 2690001 2700001 -0.029180
os1 2700001 2710001 -0.055360
os1 2710001 2720001 -0.029853
os1 2720001 2730001 0.006177
os1 2730001 2740001 -0.023065
os1 2740001 2750001 -0.007657
os1 2750001 2760001 0.005881
os1 2760001 2770001 -0.034887
os1 2770001 2780001 0.048380
os1 2780001 2790001 -0.024271
os1 2790001 2800001 0.004113
os1 2800001 2810001 0.016840
os1 2810001 2820001 -0.058392
os1 2820001 2830001 -0.042211
os1 2830001 2840001 -0.026474
os1 2840001 2850001 -0.025177
os1 2850001 2860001 -0.027723
os1 2860001 2870001 -0.042254
os1 2870001 2880001 -0.043963
os1 2880001 2890001 -0.041460
os1 2890001 2900001 -0.063415
os1 2900001 2910001 -0.024917
os1 2910001 2920001 -0.003830
os1 2920001 2930001 -0.026348
os1 2930001 2940001 -0.045156
os1 2940001 2950001 -0.001486
os1 2950001 2960001 -0.035812
os1 2960001 2970001 -0.001643
os1 2970001 2980001 -0.022414
os1 2980001 2990001 -0.006048
os1 2990001 3000001 -0.011758
os1 3000001 3010001 -0.007855
os1 3010001 3020001 -0.024489
os1 3020001 3030001 -0.079517
os1 3030001 3040001 -0.046296
os1 3040001 3050001 -0.038961
os1 3050001 3060001 0.016116
os1 3060001 3070001 0.015571
os1 3070001 3080001 0.024544
os1 3080001 3090001 -0.008632
os1 3090001 3100001 -0.004848
os1 3100001 3110001 -0.027739
os1 3110001 3120001 -0.027804
os1 3120001 3130001 -0.009658
os1 3130001 3140001 -0.072520
os1 3140001 3150001 -0.041738
os1 3150001 3160001 -0.005488
os1 3160001 3170001 -0.028344
os1 3170001 3180001 -0.011281
os1 3180001 3190001 -0.006842
os1 3190001 3200001 0.056873
os1 3200001 3210001 0.024573
os1 3210001 3220001 0.019216
os1 3220001 3230001 0.009201
os1 3230001 3240001 0.022845
os1 3240001 3250001 0.023821
os1 3250001 3260001 -0.061024
os1 3260001 3270001 -0.030070
os1 3270001 3280001 -0.002653
os1 3280001 3290001 0.003887
os1 3290001 3300001 0.002667
os1 3300001 3310001 0.009420
os1 3310001 3320001 0.017807
os1 3320001 3330001 0.029102
os1 3330001 3340001 0.021251
os1 3340001 3350001 0.005213
os1 3350001 3360001 0.004415
os1 3360001 3370001 0.017812
os1 3370001 3380001 -0.018204
os1 3380001 3390001 -0.039890
os1 3390001 3400001 0.068698
os1 3400001 3410001 0.007820
os1 3410001 3420001 -0.026977
os1 3420001 3430001 -0.031245
os1 3430001 3440001 -0.033069
os1 3440001 3450001 -0.076833
os1 3450001 3460001 0.021722
os1 3460001 3470001 0.065854
os1 3470001 3480001 0.137255
os1 3480001 3490001 -0.007920
os1 3490001 3500001 -0.002292
os1 3500001 3510001 -0.019975
os1 3510001 3520001 -0.042984
os1 3520001 3530001 -0.038450
os1 3530001 3540001 -0.018068
os1 3540001 3550001 -0.021893
os1 3550001 3560001 -0.016798
os1 3560001 3570001 -0.038835
os1 3570001 3580001 -0.014218
os1 3580001 3590001 -0.041926
os1 3590001 3600001 -0.009504
os1 3600001 3610001 -0.056215
os1 3610001 3620001 -0.095014
os1 3620001 3630001 -0.080596
os1 3630001 3640001 -0.022956
os1 3640001 3650001 -0.020727
os1 3650001 3660001 -0.020555
os1 3660001 3670001 0.033765
os1 3670001 3680001 -0.051745
os1 3680001 3690001 -0.020924
os1 3690001 3700001 -0.018346
os1 3700001 3710001 -0.049541
os1 3710001 3720001 -0.025477
os1 3720001 3730001 -0.039122
os1 3730001 3740001 -0.016578
os1 3740001 3750001 -0.046685
os1 3750001 3760001 -0.052744
os1 3760001 3770001 -0.036400
os1 3770001 3780001 -0.018622
os1 3780001 3790001 -0.005120
os1 3790001 3800001 -0.051025
os1 3800001 3810001 -0.005610
os1 3810001 3820001 0.079351
os1 3820001 3830001 -0.038527
os1 3830001 3840001 -0.048351
os1 3840001 3850001 -0.044113
os1 3850001 3860001 -0.035595
os1 3860001 3870001 -0.001427
os1 3870001 3880001 -0.055623
os1 3880001 3890001 -0.098808
os1 3890001 3900001 -0.028858
os1 3900001 3910001 0.004498
os1 3910001 3920001 -0.077709
os1 3920001 3930001 -0.047046
os1 3930001 3940001 -0.025081
os1 3940001 3950001 -0.051565
os1 3950001 3960001 -0.003616
os1 3960001 3970001 -0.006763
os1 3970001 3980001 0.027201
os1 3980001 3990001 -0.019834
os1 3990001 4000001 0.024816
os1 4000001 4010001 -0.007986
os1 4010001 4020001 -0.037587
os1 4020001 4030001 -0.048193
os1 4030001 4040001 -0.021938
os1 4040001 4050001 -0.018524
os1 4050001 4060001 -0.067322
os1 4060001 4070001 -0.001676
os1 4070001 4080001 -0.032757
os1 4080001 4090001 0.035931
os1 4090001 4100001 -0.047965
os1 4100001 4110001 -0.034621
os1 4110001 4120001 -0.014510
os1 4120001 4130001 -0.000618
os1 4130001 4140001 -0.157725
os1 4140001 4150001 -0.057978
os1 4150001 4160001 -0.021507
os1 4160001 4170001 -0.030527
os1 4170001 4180001 -0.046607
os1 4180001 4190001 -0.048215
os1 4190001 4200001 -0.035967
os1 4200001 4210001 -0.028072
os1 4210001 4220001 -0.056789
os1 4220001 4230001 -0.057161
os1 4230001 4240001 -0.022734
os1 4240001 4250001 -0.026640
os1 4250001 4260001 -0.042519
os1 4260001 4270001 -0.031624
os1 4270001 4280001 -0.012810
os1 4280001 4290001 -0.022452
os1 4290001 4300001 -0.052404
os1 4300001 4310001 -0.037718
os1 4310001 4320001 0.003169
os1 4320001 4330001 -0.037002
os1 4330001 4340001 -0.056681
os1 4340001 4350001 -0.033069
os1 4350001 4360001 -0.040282
os1 4360001 4370001 -0.041045
os1 4370001 4380001 -0.035437
os1 4380001 4390001 -0.041767
os1 4390001 4400001 -0.022078
os1 4400001 4410001 -0.007242
os1 4410001 4420001 -0.112047
os1 4420001 4430001 -0.022458
os1 4430001 4440001 -0.018317
os1 4440001 4450001 -0.043248
os1 4450001 4460001 -0.053044
os1 4460001 4470001 -0.020922
os1 4470001 4480001 -0.039382
os1 4480001 4490001 -0.112399
os1 4490001 4500001 -0.044972
os1 4500001 4510001 -0.031907
os1 4510001 4520001 -0.041083
os1 4520001 4530001 0.019793
os1 4530001 4540001 0.010976
os1 4540001 4550001 -0.019833
os1 4550001 4560001 0.013520
os1 4560001 4570001 -0.030396
os1 4570001 4580001 -0.021766
os1 4580001 4590001 -0.090334
os1 4590001 4600001 -0.082934
os1 4600001 4610001 -0.028295
os1 4610001 4620001 -0.047590
os1 4620001 4630001 -0.000897
os1 4630001 4640001 -0.043400
os1 4640001 4650001 -0.072414
os1 4650001 4660001 -0.037853
os1 4660001 4670001 -0.032861
os1 4670001 4680001 -0.024909
os1 4680001 4690001 0.019870
os1 4690001 4700001 -0.032831
os1 4700001 4710001 -0.064540
os1 4710001 4720001 -0.029047
os1 4720001 4730001 -0.028249
os1 4730001 4740001 -0.037994
os1 4740001 4750001 -0.025708
os1 4750001 4760001 0.025851
os1 4760001 4770001 0.009927
os1 4770001 4780001 -0.001695
os1 4780001 4790001 0.000297
os1 4790001 4800001 -0.004035
os1 4800001 4810001 -0.021496
os1 4810001 4820001 -0.021680
os1 4820001 4830001 -0.003343
os1 4830001 4840001 -0.001785
os1 4840001 4850001 -0.127884
os1 4850001 4860001 -0.028257
os1 4860001 4870001 0.072464
os1 4870001 4880001 -0.021805
os1 4880001 4890001 -0.069767
os1 4890001 4900001 -0.023036
os1 4900001 4910001 -0.084711
os1 4910001 4920001 0.004962
os1 4920001 4930001 -0.019335
os1 4930001 4940001 -0.073021
os1 4940001 4950001 -0.036469
os1 4950001 4960001 -0.054902
os1 4960001 4970001 -0.025793
os1 4970001 4980001 0.025525
os1 4980001 4990001 -0.014448
os1 4990001 5000001 0.006926
os1 5000001 5010001 -0.055184
os1 5010001 5020001 0.021700
os1 5020001 5030001 -0.001400
os1 5030001 5040001 0.009265
os1 5040001 5050001 -0.005933
os1 5050001 5060001 0.036858
os1 5060001 5070001 0.042965
os1 5070001 5080001 0.014085
os1 5080001 5090001 0.002871
os1 5090001 5100001 -0.000624
os1 5100001 5110001 0.006838
os1 5110001 5120001 -0.047053
os1 5120001 5130001 -0.040267
os1 5130001 5140001 -0.043191
os1 5140001 5150001 0.000297
os1 5150001 5160001 -0.017944
os1 5160001 5170001 -0.020861
os1 5170001 5180001 -0.037326
os1 5180001 5190001 -0.027540
os1 5190001 5200001 -0.060088
os1 5200001 5210001 -0.035255
os1 5210001 5220001 -0.022255
os1 5220001 5230001 -0.005175
os1 5230001 5240001 -0.017315
os1 5240001 5250001 -0.043663
os1 5250001 5260001 0.012627
os1 5260001 5270001 -0.004972
os1 5270001 5280001 -0.019499
os1 5280001 5290001 -0.030802
os1 5290001 5300001 -0.022168
os1 5300001 5310001 -0.009174
os1 5310001 5320001 -0.001807
os1 5320001 5330001 -0.023824
os1 5330001 5340001 0.004736
os1 5340001 5350001 -0.032928
os1 5350001 5360001 -0.037415
os1 5360001 5370001 -0.011187
os1 5370001 5380001 -0.053903
os1 5380001 5390001 0.000767
os1 5390001 5400001 -0.023158
os1 5400001 5410001 -0.046569
os1 5410001 5420001 -0.042707
os1 5420001 5430001 -0.006678
os1 5430001 5440001 0.039017
os1 5440001 5450001 -0.029681
os1 5450001 5460001 0.006486
os1 5460001 5470001 -0.009381
os1 5470001 5480001 -0.019669
os1 5480001 5490001 -0.027374
os1 5490001 5500001 -0.021022
os1 5500001 5510001 -0.046542
os1 5510001 5520001 -0.020531
os1 5520001 5530001 0.048212
os1 5530001 5540001 -0.027344
os1 5540001 5550001 -0.023964
os1 5550001 5560001 -0.029051
os1 5560001 5570001 -0.036857
os1 5570001 5580001 0.003239
os1 5580001 5590001 -0.027514
os1 5590001 5600001 -0.016413
os1 5600001 5610001 -0.034560
os1 5610001 5620001 -0.060970
os1 5620001 5630001 -0.059258
os1 5630001 5640001 -0.078947