os1 1 88090 24694
os2 1 67697 6131
os3 1 65821 5618
os4 1 63618 5967
os5 1 55738 5410
os6 1 54572 4813
os7 1 54179 5952
os8 1 50858 4734
os9 1 48885 4602
os10 1 48092 4234
os11 1 47378 4132
os12 1 46673 4242
os13 1 46315 4101
os14 1 43510 3979
os15 1 42168 3958
os16 1 41256 3837
os17 1 39962 3951
os18 1 38319 3340
os19 1 36040 3210
os20 1 35756 3264
os21 1 35556 3344
os22 1 35201 3246
os23 1 35086 3348
os24 1 33966 3015
os25 1 33599 2756
os26 1 32790 2966
os27 1 32108 2927
os28 1 31082 2668
os29 1 31005 2926
os30 1 30894 2633
os31 1 30598 2826
os32 1 30525 2726
os33 1 30256 2879
os34 1 29606 2760
os35 1 29516 2382
os36 1 29470 2582
os37 1 29428 2824
os38 1 29040 2411
os39 1 28984 2695
os40 1 28956 2563
os41 1 28938 2569
os42 1 28895 2702
os43 1 28754 2585
os44 1 28237 2516
os45 1 27536 2594
os46 1 27099 2475
os47 1 27059 2435
os48 1 26744 2432
os49 1 26381 3053
os50 1 26309 2297
